inputNames 1 input_1
inputNames 2 input_2
inputNames 3 input_3
inputNames 4 input_4
inputNames 5 input_5
inputNames 6 input_6
inputNames 7 input_7
inputNames 8 input_8
inputNames 9 input_9
inputNames 10 input_10
inputNames 11 input_11
inputNames 12 input_12
inputNames 13 input_13
inputNames 14 input_14
inputNames 15 input_15
inputNames 16 input_16
inputNames 17 input_17
inputNames 18 input_18
inputNames 19 input_19
inputNames 20 input_20
inputNames 21 input_21
inputNames 22 input_22
inputNames 23 input_23
inputNames 24 input_24
inputNames 25 input_25
inputNames 26 input_26
inputNames 27 input_27
inputNames 28 input_28
inputNames 29 input_29
inputNames 30 input_30
inputNames 31 input_31
inputNames 32 input_32
1 0.000 0.000 0 1 0.107 6.508 1.159 1 1 1 0 0 0 39 0.000 -0.300 0 0 1.500 0.000 0 32.682 23.838 28.894 23.128 25.850 23.838 35.890 25.460 25.038 31.946 23.888 26.844 23.888 36.104 23.352 24.569 24.799 24.596 0.676 0.752 0.708 0.758 0.734 0.752 0.651 0.737 0.741 0.682 0.751 0.725 0.751 0.649 0.756 0.745 0.743 0.745 1 1 1 1 1 1 1 1 1 1 1 1 1 1 1 1 1 1
2 0.000 0.000 0 1 0.086 7.091 1.014 1 1 1 0 0 0 39 0.000 -0.300 0 0 1.500 0.000 0 23.802 32.656 23.091 28.864 23.802 25.817 25.090 35.628 24.662 23.494 31.652 23.494 26.494 24.535 23.316 36.080 24.562 24.764 0.752 0.677 0.759 0.708 0.752 0.734 0.741 0.653 0.744 0.755 0.685 0.755 0.728 0.746 0.757 0.649 0.745 0.744 1 1 1 1 1 1 1 1 1 1 1 1 1 1 1 1 1 1
3 0.000 0.000 0 1 -3.259 4.674 1.033 1 1 1 0 0 0 39 0.000 -0.600 0 0 1.500 0.000 0 14.442 27.415 13.560 22.577 15.028 18.288 16.856 31.292 17.041 14.655 26.523 15.090 19.764 16.220 15.328 31.989 16.324 16.653 0.708 0.519 0.723 0.583 0.698 0.646 0.668 0.473 0.665 0.704 0.530 0.697 0.623 0.678 0.693 0.465 0.677 0.671 1 1 1 1 1 1 1 1 1 1 1 1 1 1 1 1 1 1
4 0.000 0.000 0 1 3.797 6.089 1.178 1 1 1 0 0 0 39 0.000 -0.600 0 0 1.500 0.000 0 30.910 17.963 26.373 17.774 22.413 19.386 34.550 19.591 21.154 30.016 18.206 23.689 19.270 35.118 19.547 18.639 20.908 20.603 0.477 0.651 0.532 0.654 0.585 0.629 0.437 0.626 0.603 0.488 0.647 0.567 0.631 0.432 0.626 0.640 0.606 0.611 1 1 1 1 1 1 1 1 1 1 1 1 1 1 1 1 1 1
5 0.000 0.000 0 1 -1.524 6.811 1.196 1 1 1 0 0 0 40 0.000 -0.600 0 0 1.500 0.000 0 22.115 27.259 20.164 23.643 19.767 21.012 24.574 30.479 20.620 21.899 26.612 20.145 21.955 24.157 18.792 30.646 20.133 20.259 0.589 0.521 0.617 0.568 0.623 0.605 0.555 0.482 0.611 0.592 0.529 0.617 0.591 0.561 0.638 0.480 0.618 0.616 1 1 1 1 1 1 1 1 1 1 1 1 1 1 1 1 1 1
6 0.000 0.000 0 1 2.070 3.875 1.196 1 1 1 0 0 0 40 0.000 -0.600 0 0 1.500 0.000 0 23.312 14.090 18.471 11.585 14.336 11.685 27.242 17.338 13.420 22.450 13.914 15.830 12.129 27.968 11.511 17.300 12.893 12.623 0.572 0.714 0.643 0.758 0.710 0.756 0.521 0.660 0.725 0.584 0.717 0.685 0.748 0.512 0.759 0.661 0.735 0.739 1 1 1 1 1 1 1 1 1 1 1 1 1 1 1 1 1 1
7 0.000 0.000 0 2 -0.136 2.577 1.467 1 1 1 0 0 0 35 0.000 -0.865 0 0 1.500 0.000 0 15.958 16.652 11.220 11.809 7.985 8.263 19.875 20.591 8.260 15.058 15.720 9.142 9.506 20.753 6.189 21.503 7.586 7.616 0.577 0.563 0.679 0.665 0.759 0.752 0.504 0.491 0.752 0.595 0.581 0.729 0.720 0.489 0.808 0.476 0.770 0.769 1 1 1 1 1 1 1 1 1 1 1 1 1 1 1 1 1 1
8 0.000 0.000 0 3 -0.168 0.000 1.576 1 1 1 0 0 0 36 0.000 -0.802 0 0 1.500 0.000 0 14.044 15.006 8.338 9.289 2.908 3.747 18.338 19.288 3.591 13.001 13.935 5.239 5.986 19.841 2.236 20.804 1.649 1.811 0.638 0.619 0.766 0.743 0.911 0.887 0.556 0.540 0.891 0.660 0.640 0.846 0.826 0.530 0.931 0.514 0.949 0.944 1 1 1 1 1 1 1 1 1 1 1 1 1 1 1 1 1 1
9 0.000 0.000 0 4 -2.367 1.621 1.576 1 1 1 0 0 0 35 0.000 -0.850 0 0 1.500 0.000 0 9.066 21.831 5.269 16.261 6.324 10.903 13.014 25.966 8.974 8.471 20.657 6.334 12.587 13.850 7.725 27.277 8.200 8.668 0.735 0.477 0.836 0.576 0.807 0.691 0.643 0.415 0.738 0.750 0.496 0.807 0.653 0.625 0.770 0.397 0.757 0.745 1 1 1 1 1 1 1 1 1 1 1 1 1 1 1 1 1 1
10 0.000 0.000 0 5 1.743 1.827 1.576 1 1 1 0 0 0 35 0.000 -0.830 0 0 1.500 0.000 0 20.228 10.896 14.757 6.596 9.645 5.911 24.336 14.848 8.068 19.092 10.154 11.287 6.346 25.575 6.521 15.731 7.658 7.269 0.512 0.697 0.614 0.804 0.727 0.822 0.447 0.612 0.766 0.532 0.715 0.688 0.811 0.429 0.806 0.594 0.776 0.786 1 1 1 1 1 1 1 1 1 1 1 1 1 1 1 1 1 1
11 0.000 0.000 0 6 2.643 4.998 1.522 1 1 1 0 0 0 35 0.000 -0.732 0 0 1.500 0.000 0 26.404 16.024 21.812 14.545 17.918 15.263 30.030 18.386 16.693 25.408 15.786 19.065 15.210 30.751 15.137 18.141 16.528 16.259 0.463 0.626 0.529 0.654 0.593 0.640 0.416 0.585 0.614 0.476 0.631 0.573 0.641 0.407 0.643 0.589 0.617 0.622 1 1 1 1 1 1 1 1 1 1 1 1 1 1 1 1 1 1
12 0.000 0.000 0 7 4.366 3.338 1.522 1 1 1 0 0 0 0 0.000 -0.683 0 0 1.500 0.000 0 28.700 9.807 23.343 10.410 18.241 13.683 32.535 11.283 15.863 27.345 9.643 19.481 12.699 33.814 15.031 11.176 16.094 15.635 0.458 0.766 0.529 0.753 0.608 0.689 0.412 0.735 0.649 0.475 0.769 0.588 0.708 0.398 0.664 0.738 0.645 0.653 1 1 1 1 1 1 1 1 1 1 1 1 1 1 1 1 1 1
13 0.000 0.000 0 8 3.262 1.824 1.594 1 1 1 0 0 0 35 0.000 -0.712 0 0 1.500 0.000 0 24.475 7.448 18.895 5.557 13.478 8.541 28.589 11.027 11.323 23.270 7.234 15.116 8.089 29.909 10.288 11.559 11.157 10.659 0.499 0.809 0.585 0.854 0.682 0.785 0.444 0.731 0.725 0.516 0.814 0.651 0.795 0.428 0.747 0.720 0.728 0.739 1 1 1 1 1 1 1 1 1 1 1 1 1 1 1 1 1 1
14 0.000 0.000 0 9 0.501 5.467 1.576 1 1 1 0 0 0 35 0.000 -0.683 0 0 1.500 0.000 0 22.442 20.498 18.805 17.423 16.441 15.925 25.646 23.470 16.219 21.664 19.854 17.155 16.409 26.016 14.497 23.663 15.954 15.902 0.543 0.572 0.599 0.622 0.639 0.648 0.497 0.528 0.643 0.554 0.582 0.627 0.640 0.492 0.674 0.525 0.648 0.648 1 1 1 1 1 1 1 1 1 1 1 1 1 1 1 1 1 1
15 0.000 0.000 0 10 -2.615 5.033 1.400 1 1 1 0 0 0 35 0.000 -0.654 0 0 1.500 0.000 0 16.138 26.385 14.638 21.811 15.322 17.942 18.537 30.023 16.770 15.933 25.417 15.318 19.114 18.259 15.171 30.715 16.302 16.567 0.656 0.502 0.683 0.566 0.671 0.626 0.617 0.457 0.646 0.660 0.515 0.671 0.607 0.621 0.673 0.449 0.654 0.649 1 1 1 1 1 1 1 1 1 1 1 1 1 1 1 1 1 1
16 0.000 0.000 0 11 -3.132 3.927 1.300 1 1 1 0 0 0 31 0.000 -0.700 0 0 1.500 0.000 0 12.606 26.092 11.401 21.050 12.950 16.495 15.114 29.940 14.872 12.451 24.995 12.713 17.838 14.962 13.451 30.895 14.368 14.726 0.703 0.483 0.727 0.556 0.697 0.631 0.656 0.433 0.660 0.706 0.498 0.701 0.608 0.659 0.687 0.422 0.670 0.663 1 1 1 1 1 1 1 1 1 1 1 1 1 1 1 1 1 1
17 0.000 0.000 0 1 -1.632 1.937 1.100 1 1 1 0 0 0 35 0.000 -0.700 0 0 1.500 0.000 0 11.268 19.974 6.933 14.535 5.985 9.498 15.367 24.173 8.305 10.737 18.976 6.850 11.337 16.077 6.375 25.284 7.215 7.582 0.730 0.573 0.824 0.666 0.846 0.767 0.651 0.509 0.793 0.741 0.589 0.826 0.729 0.638 0.837 0.494 0.818 0.809 1 1 1 1 1 1 1 1 1 1 1 1 1 1 1 1 1 1
18 0.000 0.000 0 1 1.328 2.590 1.100 1 1 1 0 0 0 32 0.000 -0.700 0 0 1.500 0.000 0 19.763 13.010 14.595 8.957 10.104 7.605 23.801 16.828 9.142 18.759 12.357 11.641 8.314 24.805 7.221 17.477 8.598 8.337 0.576 0.695 0.665 0.779 0.754 0.809 0.515 0.625 0.775 0.592 0.708 0.723 0.793 0.500 0.817 0.614 0.787 0.792 1 1 1 1 1 1 1 1 1 1 1 1 1 1 1 1 1 1
19 0.000 0.000 0 1 -0.687 5.795 1.300 1 1 1 0 0 0 27 0.000 -0.700 0 0 1.500 0.000 0 20.876 23.458 18.039 19.851 16.782 17.451 23.665 26.581 17.089 20.230 22.633 17.135 18.110 23.805 15.445 26.961 16.843 16.911 0.558 0.519 0.604 0.574 0.626 0.614 0.516 0.476 0.621 0.568 0.532 0.620 0.603 0.514 0.650 0.471 0.625 0.624 1 1 1 1 1 1 1 1 1 1 1 1 1 1 1 1 1 1
20 0.000 0.000 0 1 1.000 5.441 1.300 1 1 1 0 0 0 37 0.000 -0.700 0 0 1.500 0.000 0 23.420 19.542 19.542 16.790 16.790 15.766 26.805 22.477 16.450 22.678 19.087 17.730 16.259 27.176 14.617 22.478 16.083 15.979 0.520 0.579 0.579 0.626 0.626 0.644 0.473 0.534 0.632 0.531 0.587 0.610 0.635 0.468 0.665 0.534 0.638 0.640 1 1 1 1 1 1 1 1 1 1 1 1 1 1 1 1 1 1
21 0.000 0.000 0 1 3.104 3.144 1.500 1 1 1 0 0 0 34 0.000 -0.700 0 0 1.500 0.000 0 25.135 10.700 19.874 9.200 14.996 11.020 29.099 13.589 13.208 23.999 10.507 16.456 10.753 30.183 11.862 13.670 13.042 12.639 0.496 0.742 0.574 0.773 0.658 0.735 0.444 0.684 0.692 0.512 0.746 0.632 0.741 0.431 0.718 0.683 0.695 0.703 1 1 1 1 1 1 1 1 1 1 1 1 1 1 1 1 1 1
22 0.000 0.000 0 1 0.000 0.000 0.000 1 1 1 0 0 0 0 0.000 -0.700 0 0 1.500 0.000 0 14.432 14.432 8.659 8.659 2.886 2.886 18.473 18.473 0.000 12.989 12.989 4.330 4.330 20.256 1.443 20.256 0.289 0.289 0.668 0.668 0.785 0.785 0.923 0.923 0.597 0.597 1.000 0.696 0.696 0.886 0.886 0.568 0.961 0.568 0.992 0.992 1 1 1 1 1 1 1 1 1 1 1 1 1 1 1 1 1 1
23 0.000 0.000 0 1 0.000 0.000 0.000 1 1 1 0 0 0 0 0.000 -0.700 0 0 1.500 0.000 0 14.432 14.432 8.659 8.659 2.886 2.886 18.473 18.473 0.000 12.989 12.989 4.330 4.330 20.256 1.443 20.256 0.289 0.289 0.668 0.668 0.785 0.785 0.923 0.923 0.597 0.597 1.000 0.696 0.696 0.886 0.886 0.568 0.961 0.568 0.992 0.992 1 1 1 1 1 1 1 1 1 1 1 1 1 1 1 1 1 1
24 0.000 0.000 0 1 0.000 0.000 0.000 1 1 1 0 0 0 0 0.000 -0.700 0 0 1.500 0.000 0 14.432 14.432 8.659 8.659 2.886 2.886 18.473 18.473 0.000 12.989 12.989 4.330 4.330 20.256 1.443 20.256 0.289 0.289 0.668 0.668 0.785 0.785 0.923 0.923 0.597 0.597 1.000 0.696 0.696 0.886 0.886 0.568 0.961 0.568 0.992 0.992 1 1 1 1 1 1 1 1 1 1 1 1 1 1 1 1 1 1
25 0.000 0.000 0 1 -0.405 7.424 0.000 1 1 1 0 0 0 0 0.000 -0.700 0 0 1.500 0.000 0 25.201 26.506 22.700 23.575 21.497 21.809 27.543 29.069 21.461 24.472 25.683 21.661 22.123 27.601 20.020 29.262 21.447 21.478 0.495 0.477 0.531 0.518 0.549 0.544 0.463 0.444 0.549 0.505 0.488 0.546 0.539 0.463 0.572 0.442 0.549 0.549 1 1 1 1 1 1 1 1 1 1 1 1 1 1 1 1 1 1
26 0.000 0.000 0 1 0.000 0.000 0.000 1 1 1 0 0 0 0 0.000 -0.700 0 0 1.500 0.000 0 14.432 14.432 8.659 8.659 2.886 2.886 18.473 18.473 0.000 12.989 12.989 4.330 4.330 20.256 1.443 20.256 0.289 0.289 0.668 0.668 0.785 0.785 0.923 0.923 0.597 0.597 1.000 0.696 0.696 0.886 0.886 0.568 0.961 0.568 0.992 0.992 1 1 1 1 1 1 1 1 1 1 1 1 1 1 1 1 1 1
27 0.000 0.000 0 1 0.000 0.000 0.000 1 1 1 0 0 0 0 0.000 -0.700 0 0 1.500 0.000 0 14.432 14.432 8.659 8.659 2.886 2.886 18.473 18.473 0.000 12.989 12.989 4.330 4.330 20.256 1.443 20.256 0.289 0.289 0.668 0.668 0.785 0.785 0.923 0.923 0.597 0.597 1.000 0.696 0.696 0.886 0.886 0.568 0.961 0.568 0.992 0.992 1 1 1 1 1 1 1 1 1 1 1 1 1 1 1 1 1 1
28 0.000 0.000 0 1 0.000 0.000 0.000 1 1 1 0 0 0 0 0.000 -0.700 0 0 1.500 0.000 0 14.432 14.432 8.659 8.659 2.886 2.886 18.473 18.473 0.000 12.989 12.989 4.330 4.330 20.256 1.443 20.256 0.289 0.289 0.668 0.668 0.785 0.785 0.923 0.923 0.597 0.597 1.000 0.696 0.696 0.886 0.886 0.568 0.961 0.568 0.992 0.992 1 1 1 1 1 1 1 1 1 1 1 1 1 1 1 1 1 1
29 0.000 0.000 0 1 0.156 7.942 1.359 1 1 1 0 0 0 43 0.000 -1.078 0 0 1.500 0.000 0 27.381 26.904 24.723 24.407 23.225 23.114 30.065 29.508 23.368 26.953 26.517 23.848 23.684 29.846 21.550 29.232 22.996 22.985 0.308 0.315 0.346 0.350 0.368 0.370 0.275 0.281 0.366 0.314 0.320 0.359 0.361 0.277 0.396 0.285 0.372 0.372 1 1 1 1 1 1 1 1 1 1 1 1 1 1 1 1 1 1
30 0.000 0.000 0 1 0.156 7.942 1.359 1 1 1 0 0 0 43 0.000 -1.078 0 0 1.500 0.000 0 27.381 26.904 24.723 24.407 23.225 23.114 30.065 29.508 23.368 26.953 26.517 23.848 23.684 29.846 21.550 29.232 22.996 22.985 0.308 0.315 0.346 0.350 0.368 0.370 0.275 0.281 0.366 0.314 0.320 0.359 0.361 0.277 0.396 0.285 0.372 0.372 1 1 1 1 1 1 1 1 1 1 1 1 1 1 1 1 1 1
31 0.000 0.000 0 1 1.162 5.133 0.924 1 1 1 0 0 0 44 0.000 -1.101 0 0 1.500 0.000 0 23.177 18.536 19.109 15.780 16.118 14.868 26.882 21.792 16.047 22.657 18.415 17.473 15.724 27.114 13.835 21.544 15.301 15.174 0.361 0.443 0.432 0.500 0.493 0.520 0.307 0.384 0.494 0.370 0.445 0.464 0.501 0.304 0.545 0.388 0.511 0.513 1 1 1 1 1 1 1 1 1 1 1 1 1 1 1 1 1 1
32 0.000 0.000 0 1 1.162 5.133 0.924 1 1 1 0 0 0 44 0.000 -1.101 0 0 1.500 0.000 0 23.177 18.536 19.109 15.780 16.118 14.868 26.882 21.792 16.047 22.657 18.415 17.473 15.724 27.114 13.835 21.544 15.301 15.174 0.361 0.443 0.432 0.500 0.493 0.520 0.307 0.384 0.494 0.370 0.445 0.464 0.501 0.304 0.545 0.388 0.511 0.513 1 1 1 1 1 1 1 1 1 1 1 1 1 1 1 1 1 1
