inputNames 1 input_1
inputNames 2 input_2
inputNames 3 input_3
inputNames 4 input_4
inputNames 5 input_5
inputNames 6 input_6
inputNames 7 input_7
inputNames 8 input_8
inputNames 9 input_9
inputNames 10 input_10
inputNames 11 input_11
inputNames 12 input_12
inputNames 13 input_13
inputNames 14 input_14
inputNames 15 input_15
inputNames 16 input_16
inputNames 17 input_17
inputNames 18 input_18
inputNames 19 input_19
inputNames 20 input_20
inputNames 21 input_21
inputNames 22 input_22
inputNames 23 input_23
inputNames 24 input_24
inputNames 25 input_25
inputNames 26 input_26
inputNames 27 input_27
inputNames 28 input_28
inputNames 29 input_29
inputNames 30 input_30
inputNames 31 input_31
inputNames 32 input_32
1 0.000 0.000 0 1 0.107 6.508 1.159 1 1 1 0 0 0 39 0.000 -0.300 0 0 1.500 0.000 0 23.914 23.539 20.857 20.600 19.100 19.006 26.913 26.487 19.279 23.418 23.074 19.827 19.692 26.893 17.394 26.426 18.840 18.831 0.744 0.747 0.773 0.775 0.790 0.791 0.717 0.721 0.788 0.749 0.752 0.783 0.784 0.717 0.806 0.721 0.792 0.792 1 1 1 1 1 1 1 1 1 1 1 1 1 1 1 1 1 1
2 0.000 0.000 0 1 0.086 7.091 1.014 1 1 1 0 0 0 39 0.000 -0.300 0 0 1.500 0.000 0 25.214 24.928 22.351 22.158 20.738 20.669 28.099 27.770 20.955 24.785 24.523 21.448 21.347 27.957 19.060 27.595 20.507 20.500 0.732 0.735 0.759 0.760 0.774 0.774 0.706 0.709 0.772 0.736 0.738 0.767 0.768 0.708 0.790 0.711 0.776 0.776 1 1 1 1 1 1 1 1 1 1 1 1 1 1 1 1 1 1
3 0.000 0.000 0 1 -3.259 4.674 1.033 1 1 1 0 0 0 39 0.000 -0.600 0 0 1.500 0.000 0 14.442 27.415 13.560 22.577 15.028 18.288 16.856 31.292 17.041 14.655 26.523 15.090 19.764 16.220 15.328 31.989 16.324 16.653 0.704 0.513 0.719 0.577 0.694 0.641 0.664 0.467 0.661 0.700 0.524 0.693 0.618 0.674 0.689 0.459 0.672 0.667 1 1 1 1 1 1 1 1 1 1 1 1 1 1 1 1 1 1
4 0.000 0.000 0 1 3.797 6.089 1.178 1 1 1 0 0 0 39 0.000 -0.600 0 0 1.500 0.000 0 30.910 17.963 26.373 17.774 22.413 19.386 34.550 19.591 21.154 30.016 18.206 23.689 19.270 35.118 19.547 18.639 20.908 20.603 0.483 0.655 0.538 0.658 0.590 0.634 0.443 0.631 0.608 0.493 0.652 0.573 0.635 0.438 0.631 0.645 0.611 0.616 1 1 1 1 1 1 1 1 1 1 1 1 1 1 1 1 1 1
5 0.000 0.000 0 1 -1.524 6.811 1.196 1 1 1 0 0 0 40 0.000 -0.600 0 0 1.500 0.000 0 22.115 27.259 20.164 23.643 19.767 21.012 24.574 30.479 20.620 21.899 26.612 20.145 21.955 24.157 18.792 30.646 20.133 20.259 0.584 0.515 0.612 0.563 0.618 0.600 0.550 0.476 0.606 0.587 0.523 0.613 0.586 0.556 0.633 0.474 0.613 0.611 1 1 1 1 1 1 1 1 1 1 1 1 1 1 1 1 1 1
6 0.000 0.000 0 1 2.070 3.875 1.196 1 1 1 0 0 0 40 0.000 -0.600 0 0 1.500 0.000 0 23.312 14.090 18.471 11.585 14.336 11.685 27.242 17.338 13.420 22.450 13.914 15.830 12.129 27.968 11.511 17.300 12.893 12.623 0.572 0.714 0.643 0.758 0.710 0.756 0.521 0.660 0.725 0.584 0.717 0.685 0.748 0.512 0.759 0.661 0.735 0.739 1 1 1 1 1 1 1 1 1 1 1 1 1 1 1 1 1 1
7 0.000 0.000 0 1 -0.243 3.202 1.467 1 1 1 0 0 0 35 0.000 -0.865 0 0 1.500 0.000 0 16.618 17.796 12.286 13.239 9.613 10.026 20.346 21.584 9.933 15.784 16.900 10.551 11.113 21.057 7.971 22.364 9.370 9.414 0.564 0.541 0.654 0.633 0.718 0.708 0.496 0.475 0.710 0.580 0.558 0.695 0.681 0.484 0.760 0.462 0.724 0.723 1 1 1 1 1 1 1 1 1 1 1 1 1 1 1 1 1 1
8 0.000 0.000 0 1 0.034 0.458 1.576 1 1 1 0 0 0 36 0.000 -0.802 0 0 1.500 0.000 0 14.683 14.487 9.008 8.815 3.653 3.493 18.956 18.762 3.797 13.627 13.437 5.833 5.684 20.370 1.645 20.173 2.141 2.114 0.625 0.629 0.750 0.754 0.890 0.894 0.545 0.549 0.886 0.647 0.650 0.830 0.834 0.521 0.949 0.524 0.934 0.935 1 1 1 1 1 1 1 1 1 1 1 1 1 1 1 1 1 1
9 0.000 0.000 0 1 -2.367 1.621 1.576 1 1 1 0 0 0 35 0.000 -0.850 0 0 1.500 0.000 0 9.066 21.831 5.269 16.261 6.325 10.904 13.014 25.966 8.975 8.471 20.658 6.334 12.588 13.850 7.726 27.277 8.201 8.668 0.738 0.481 0.838 0.580 0.809 0.694 0.647 0.419 0.740 0.753 0.501 0.809 0.656 0.629 0.772 0.401 0.760 0.748 1 1 1 1 1 1 1 1 1 1 1 1 1 1 1 1 1 1
10 0.000 0.000 0 1 1.743 1.827 1.576 1 1 1 0 0 0 35 0.000 -0.830 0 0 1.500 0.000 0 20.227 10.896 14.756 6.596 9.644 5.910 24.335 14.848 8.066 19.091 10.154 11.286 6.345 25.574 6.519 15.731 7.657 7.268 0.516 0.700 0.617 0.806 0.729 0.824 0.451 0.615 0.768 0.536 0.717 0.691 0.813 0.433 0.808 0.598 0.778 0.788 1 1 1 1 1 1 1 1 1 1 1 1 1 1 1 1 1 1
11 0.000 0.000 0 1 2.643 4.998 1.522 1 1 1 0 0 0 35 0.000 -0.732 0 0 1.500 0.000 0 26.404 16.025 21.813 14.546 17.919 15.264 30.030 18.388 16.694 25.408 15.787 19.065 15.211 30.751 15.138 18.142 16.529 16.260 0.463 0.626 0.529 0.654 0.593 0.640 0.416 0.585 0.614 0.476 0.631 0.573 0.641 0.408 0.643 0.589 0.617 0.622 1 1 1 1 1 1 1 1 1 1 1 1 1 1 1 1 1 1
12 0.000 0.000 0 1 4.366 3.338 1.522 1 1 1 0 0 0 0 0.000 -0.683 0 0 1.500 0.000 0 28.701 9.807 23.344 10.411 18.242 13.684 32.536 11.283 15.864 27.346 9.643 19.482 12.700 33.815 15.032 11.176 16.095 15.636 0.458 0.766 0.530 0.753 0.609 0.689 0.412 0.735 0.649 0.475 0.769 0.588 0.708 0.398 0.664 0.738 0.645 0.653 1 1 1 1 1 1 1 1 1 1 1 1 1 1 1 1 1 1
13 0.000 0.000 0 1 3.262 1.824 1.594 1 1 1 0 0 0 35 0.000 -0.712 0 0 1.500 0.000 0 24.475 7.448 18.894 5.556 13.477 8.540 28.589 11.027 11.322 23.270 7.233 15.115 8.088 29.909 10.288 11.559 11.157 10.658 0.499 0.809 0.585 0.854 0.682 0.785 0.444 0.731 0.725 0.516 0.814 0.651 0.795 0.428 0.747 0.720 0.728 0.739 1 1 1 1 1 1 1 1 1 1 1 1 1 1 1 1 1 1
14 0.000 0.000 0 1 0.056 5.530 1.576 1 1 1 0 0 0 35 0.000 -0.683 0 0 1.500 0.000 0 21.685 21.470 18.305 18.152 16.327 16.270 24.778 24.537 16.332 20.968 20.767 16.938 16.855 25.061 14.606 24.800 16.047 16.041 0.554 0.557 0.607 0.610 0.641 0.642 0.509 0.513 0.641 0.565 0.568 0.631 0.632 0.505 0.672 0.509 0.646 0.646 1 1 1 1 1 1 1 1 1 1 1 1 1 1 1 1 1 1
15 0.000 0.000 0 1 -2.615 5.033 1.400 1 1 1 0 0 0 35 0.000 -0.654 0 0 1.500 0.000 0 16.147 26.390 14.648 21.817 15.331 17.950 18.517 30.010 16.748 15.910 25.402 15.293 19.095 18.267 15.180 30.720 16.310 16.575 0.656 0.502 0.682 0.566 0.670 0.626 0.617 0.457 0.646 0.660 0.516 0.671 0.608 0.621 0.673 0.449 0.654 0.649 1 1 1 1 1 1 1 1 1 1 1 1 1 1 1 1 1 1
16 0.000 0.000 0 1 -3.132 3.927 1.300 1 1 1 0 0 0 31 0.000 -0.700 0 0 1.500 0.000 0 12.597 26.089 11.392 21.046 12.943 16.490 15.133 29.951 14.892 12.475 25.007 12.737 17.856 14.954 13.444 30.893 14.361 14.720 0.703 0.483 0.728 0.556 0.697 0.631 0.655 0.433 0.660 0.706 0.497 0.701 0.607 0.659 0.687 0.422 0.670 0.663 1 1 1 1 1 1 1 1 1 1 1 1 1 1 1 1 1 1
17 0.000 0.000 0 1 -1.632 1.937 1.100 1 1 1 0 0 0 35 0.000 -0.700 0 0 1.500 0.000 0 11.268 19.974 6.933 14.535 5.985 9.498 15.367 24.173 8.305 10.737 18.976 6.850 11.337 16.077 6.375 25.284 7.215 7.582 0.730 0.573 0.824 0.666 0.846 0.767 0.651 0.509 0.793 0.741 0.589 0.826 0.729 0.638 0.837 0.494 0.818 0.809 1 1 1 1 1 1 1 1 1 1 1 1 1 1 1 1 1 1
18 0.000 0.000 0 1 1.328 2.590 1.100 1 1 1 0 0 0 32 0.000 -0.700 0 0 1.500 0.000 0 19.768 13.018 14.602 8.968 10.114 7.618 23.787 16.809 9.106 18.741 12.330 11.613 8.275 24.809 7.234 17.483 8.610 8.349 0.576 0.695 0.665 0.779 0.754 0.808 0.515 0.625 0.775 0.593 0.709 0.723 0.794 0.500 0.817 0.614 0.786 0.792 1 1 1 1 1 1 1 1 1 1 1 1 1 1 1 1 1 1
19 0.000 0.000 0 1 -0.687 5.795 1.300 1 1 1 0 0 0 27 0.000 -0.700 0 0 1.500 0.000 0 20.874 23.456 18.037 19.850 16.780 17.449 23.653 26.570 17.072 20.215 22.620 17.118 18.093 23.804 15.443 26.960 16.841 16.909 0.558 0.519 0.604 0.575 0.626 0.614 0.517 0.476 0.621 0.569 0.532 0.620 0.603 0.514 0.650 0.471 0.625 0.624 1 1 1 1 1 1 1 1 1 1 1 1 1 1 1 1 1 1
20 0.000 0.000 0 1 1.000 5.441 1.300 1 1 1 0 0 0 37 0.000 -0.700 0 0 1.500 0.000 0 23.409 19.528 19.528 16.774 16.774 15.749 26.837 22.515 16.502 22.716 19.133 17.778 16.312 27.166 14.598 22.466 16.066 15.962 0.520 0.580 0.580 0.626 0.626 0.644 0.473 0.533 0.631 0.530 0.586 0.609 0.634 0.468 0.665 0.534 0.639 0.640 1 1 1 1 1 1 1 1 1 1 1 1 1 1 1 1 1 1
21 0.000 0.000 0 1 3.104 3.144 1.500 1 1 1 0 0 0 34 0.000 -0.700 0 0 1.500 0.000 0 25.132 10.694 19.871 9.193 14.992 11.014 29.088 13.564 13.182 23.985 10.475 16.435 10.721 30.181 11.857 13.665 13.037 12.634 0.496 0.742 0.574 0.774 0.658 0.735 0.444 0.685 0.692 0.512 0.746 0.632 0.741 0.431 0.718 0.683 0.695 0.703 1 1 1 1 1 1 1 1 1 1 1 1 1 1 1 1 1 1
22 0.000 0.000 0 1 0.000 0.000 0.000 1 1 1 0 0 0 0 0.000 -0.700 0 0 1.500 0.000 0 14.432 14.432 8.659 8.659 2.886 2.886 18.473 18.473 0.000 12.989 12.989 4.330 4.330 20.256 1.443 20.256 0.289 0.289 0.668 0.668 0.785 0.785 0.923 0.923 0.597 0.597 1.000 0.696 0.696 0.886 0.886 0.568 0.961 0.568 0.992 0.992 1 1 1 1 1 1 1 1 1 1 1 1 1 1 1 1 1 1
23 0.000 0.000 0 1 0.000 0.000 0.000 1 1 1 0 0 0 0 0.000 -0.700 0 0 1.500 0.000 0 14.432 14.432 8.659 8.659 2.886 2.886 18.473 18.473 0.000 12.989 12.989 4.330 4.330 20.256 1.443 20.256 0.289 0.289 0.668 0.668 0.785 0.785 0.923 0.923 0.597 0.597 1.000 0.696 0.696 0.886 0.886 0.568 0.961 0.568 0.992 0.992 1 1 1 1 1 1 1 1 1 1 1 1 1 1 1 1 1 1
24 0.000 0.000 0 1 0.000 0.000 0.000 1 1 1 0 0 0 0 0.000 -0.700 0 0 1.500 0.000 0 14.432 14.432 8.659 8.659 2.886 2.886 18.473 18.473 0.000 12.989 12.989 4.330 4.330 20.256 1.443 20.256 0.289 0.289 0.668 0.668 0.785 0.785 0.923 0.923 0.597 0.597 1.000 0.696 0.696 0.886 0.886 0.568 0.961 0.568 0.992 0.992 1 1 1 1 1 1 1 1 1 1 1 1 1 1 1 1 1 1
25 0.000 0.000 0 1 -0.405 7.424 0.000 1 1 1 0 0 0 0 0.000 -0.700 0 0 1.500 0.000 0 25.201 26.506 22.700 23.575 21.497 21.809 27.543 29.069 21.461 24.472 25.683 21.661 22.123 27.601 20.020 29.262 21.447 21.478 0.495 0.477 0.531 0.518 0.549 0.544 0.463 0.444 0.549 0.505 0.488 0.546 0.539 0.463 0.572 0.442 0.549 0.549 1 1 1 1 1 1 1 1 1 1 1 1 1 1 1 1 1 1
26 0.000 0.000 0 1 0.000 0.000 0.000 1 1 1 0 0 0 0 0.000 -0.700 0 0 1.500 0.000 0 14.432 14.432 8.659 8.659 2.886 2.886 18.473 18.473 0.000 12.989 12.989 4.330 4.330 20.256 1.443 20.256 0.289 0.289 0.668 0.668 0.785 0.785 0.923 0.923 0.597 0.597 1.000 0.696 0.696 0.886 0.886 0.568 0.961 0.568 0.992 0.992 1 1 1 1 1 1 1 1 1 1 1 1 1 1 1 1 1 1
27 0.000 0.000 0 1 0.000 0.000 0.000 1 1 1 0 0 0 0 0.000 -0.700 0 0 1.500 0.000 0 14.432 14.432 8.659 8.659 2.886 2.886 18.473 18.473 0.000 12.989 12.989 4.330 4.330 20.256 1.443 20.256 0.289 0.289 0.668 0.668 0.785 0.785 0.923 0.923 0.597 0.597 1.000 0.696 0.696 0.886 0.886 0.568 0.961 0.568 0.992 0.992 1 1 1 1 1 1 1 1 1 1 1 1 1 1 1 1 1 1
28 0.000 0.000 0 1 0.000 0.000 0.000 1 1 1 0 0 0 0 0.000 -0.700 0 0 1.500 0.000 0 14.432 14.432 8.659 8.659 2.886 2.886 18.473 18.473 0.000 12.989 12.989 4.330 4.330 20.256 1.443 20.256 0.289 0.289 0.668 0.668 0.785 0.785 0.923 0.923 0.597 0.597 1.000 0.696 0.696 0.886 0.886 0.568 0.961 0.568 0.992 0.992 1 1 1 1 1 1 1 1 1 1 1 1 1 1 1 1 1 1
29 0.000 0.000 0 1 0.156 7.942 1.359 1 1 1 0 0 0 43 0.000 -1.078 0 0 1.500 0.000 0 27.381 26.904 24.723 24.407 23.225 23.114 30.065 29.508 23.368 26.953 26.517 23.848 23.684 29.846 21.550 29.232 22.996 22.985 0.308 0.315 0.346 0.350 0.368 0.370 0.275 0.281 0.366 0.314 0.320 0.359 0.361 0.277 0.396 0.285 0.372 0.372 1 1 1 1 1 1 1 1 1 1 1 1 1 1 1 1 1 1
30 0.000 0.000 0 1 0.156 7.942 1.359 1 1 1 0 0 0 43 0.000 -1.078 0 0 1.500 0.000 0 27.381 26.904 24.723 24.407 23.225 23.114 30.065 29.508 23.368 26.953 26.517 23.848 23.684 29.846 21.550 29.232 22.996 22.985 0.308 0.315 0.346 0.350 0.368 0.370 0.275 0.281 0.366 0.314 0.320 0.359 0.361 0.277 0.396 0.285 0.372 0.372 1 1 1 1 1 1 1 1 1 1 1 1 1 1 1 1 1 1
31 0.000 0.000 0 1 1.162 5.133 0.924 1 1 1 0 0 0 44 0.000 -1.101 0 0 1.500 0.000 0 23.177 18.536 19.109 15.780 16.118 14.868 26.882 21.792 16.047 22.657 18.415 17.473 15.724 27.114 13.835 21.544 15.301 15.174 0.361 0.443 0.432 0.500 0.493 0.520 0.307 0.384 0.494 0.370 0.445 0.464 0.501 0.304 0.545 0.388 0.511 0.513 1 1 1 1 1 1 1 1 1 1 1 1 1 1 1 1 1 1
32 0.000 0.000 0 1 1.162 5.133 0.924 1 1 1 0 0 0 44 0.000 -1.101 0 0 1.500 0.000 0 23.177 18.536 19.109 15.780 16.118 14.868 26.882 21.792 16.047 22.657 18.415 17.473 15.724 27.114 13.835 21.544 15.301 15.174 0.361 0.443 0.432 0.500 0.493 0.520 0.307 0.384 0.494 0.370 0.445 0.464 0.501 0.304 0.545 0.388 0.511 0.513 1 1 1 1 1 1 1 1 1 1 1 1 1 1 1 1 1 1
