param 24
inputNames 1 Johan
inputNames 2 Suzy
inputNames 3 Sara
inputNames 4 Fabian
inputNames 5 Tom
inputNames 6 Seb
inputNames 7 Boom
inputNames 8 Tom_sing
inputNames 9 Tom_plate
inputNames 10 Vx_screen
inputNames 11 Sampler_L
inputNames 12 Sampler_R
inputNames 13 QLab1_screen
inputNames 14 QLab2_st-L
inputNames 15 QLab3_st-R
inputNames 16 QLab4_mono1
reverbNames 1 Hall_L
reverbNames 2 Hall_R
reverbNames 3 Room_L
reverbNames 4 Room_R
inputOffest 1 0.000 0.000 0.000
inputJitter 1 0.000
inputLFO 1 0 1.000 0 0 1.000 0 0 1.000 0 0 1.000 0
inputMutes 1 1 1 1 1 1 1 1 1 1 1 1 1 1 1 0 0 0 0 1 1
inputLevels 1 0.532 0.454 0.599 0.516 0.665 0.582 0.677 0.649 0.650 0.695 0.584 0.696 0.647 0.506 0.749 0.693 0.391 0.300 0.394 0.302
inputDelays 1 20.623 25.825 16.742 21.639 13.352 17.678 10.919 14.134 10.154 11.400 17.548 11.845 14.226 22.230 18.883 23.973 20.482 26.229 20.276 26.069
1 0.000 0.000 0 2 -1.000 3.000 0.000 0 0 0 0 0 0 0 0.000 -0.770 360 0 0.000 0 1 4.000 -8.400 0
inputOffest 2 0.000 0.000 0.000
inputJitter 2 0.000
inputLFO 2 0 1.000 0 0 1.000 0 0 1.000 0 0 1.000 0
inputMutes 2 1 1 1 1 1 1 1 1 1 1 1 1 1 1 0 0 0 0 1 1
inputLevels 2 0.620 0.340 0.640 0.382 0.637 0.427 0.612 0.476 0.573 0.525 0.504 0.482 0.415 0.336 0.695 0.557 0.590 0.198 0.607 0.200
inputDelays 2 17.158 38.763 16.026 34.590 16.192 30.551 17.621 26.706 20.045 23.152 24.630 26.217 31.587 39.216 26.149 42.125 12.626 38.753 11.943 38.536
2 0.000 0.000 0 3 -5.000 5.000 0.000 0 0 0 0 0 0 0 0.000 -0.700 360 0 0.000 0 1 4.000 -9.000 0
inputOffest 3 0.000 0.000 0.000
inputJitter 3 0.000
inputLFO 3 0 1.000 0 0 1.000 0 0 1.000 0 0 1.000 0
inputMutes 3 1 1 1 1 1 1 1 1 1 1 1 1 1 1 0 0 0 0 1 1
inputLevels 3 0.333 0.687 0.377 0.665 0.426 0.723 0.480 0.667 0.540 0.603 0.334 0.424 0.511 0.559 0.552 0.729 0.176 0.636 0.181 0.710
inputDelays 3 39.556 10.717 35.096 10.204 30.688 11.676 26.359 14.543 22.152 18.156 39.440 30.875 24.099 20.928 42.718 22.715 41.573 10.838 40.963 8.193
3 0.000 0.000 0 4 6.000 3.000 0.000 0 0 0 0 0 0 0 0.000 -0.700 360 0 0.000 0 1 4.000 -9.000 0
inputOffest 4 0.000 0.000 0.000
inputJitter 4 0.000
inputLFO 4 0 1.000 0 0 1.000 0 0 1.000 0 0 1.000 0
inputMutes 4 1 1 1 1 1 1 1 1 1 1 1 1 1 1 0 0 0 0 1 1
inputLevels 4 0.714 0.329 0.723 0.372 0.697 0.420 0.648 0.472 0.589 0.530 0.546 0.501 0.417 0.330 0.722 0.549 0.644 0.177 0.707 0.181
inputDelays 4 12.096 39.951 11.644 35.542 12.954 31.197 15.588 26.949 19.003 22.852 21.763 24.828 31.448 39.890 23.398 43.085 10.544 41.498 8.320 40.989
4 0.000 0.000 0 5 -6.000 3.500 0.000 0 0 0 0 0 0 0 0.000 -0.700 360 0 0.000 0 1 4.000 -9.000 0
inputOffest 5 0.000 0.000 0.000
inputJitter 5 0.000
inputLFO 5 0 1.000 0 0 1.000 0 0 1.000 0 0 1.000 0
inputMutes 5 1 1 1 1 1 1 1 1 1 1 1 1 1 1 0 0 0 0 1 1
inputLevels 5 0.567 0.340 0.588 0.380 0.591 0.422 0.577 0.466 0.547 0.509 0.473 0.462 0.406 0.333 0.675 0.556 0.545 0.207 0.545 0.207
inputDelays 5 20.387 38.768 19.095 34.790 18.883 30.994 19.786 27.458 21.664 24.293 26.878 27.786 32.426 39.504 28.269 42.199 14.555 37.683 14.555 37.683
5 0.000 0.000 0 6 -4.500 6.000 0.000 0 0 0 0 0 0 0 0.000 -0.700 360 0 0.000 0 1 4.000 -9.000 0
inputOffest 6 0.000 0.000 0.000
inputJitter 6 0.000
inputLFO 6 0 1.000 0 0 1.000 0 0 1.000 0 0 1.000 0
inputMutes 6 1 1 1 1 1 1 1 1 1 1 1 1 1 1 0 0 0 0 1 1
inputLevels 6 0.340 0.620 0.382 0.640 0.427 0.637 0.476 0.612 0.525 0.573 0.336 0.415 0.482 0.504 0.557 0.695 0.198 0.590 0.200 0.607
inputDelays 6 38.763 17.158 34.590 16.026 30.551 16.192 26.706 17.621 23.152 20.045 39.216 31.587 26.217 24.630 42.125 26.149 38.753 12.626 38.536 11.943
6 0.000 0.000 0 7 5.000 5.000 0.000 0 0 0 0 0 0 0 0.000 -0.700 360 0 0.000 0 1 4.000 -9.000 0
inputOffest 7 0.000 0.000 0.000
inputJitter 7 0.000
inputLFO 7 0 1.000 0 0 1.000 0 0 1.000 0 0 1.000 0
inputMutes 7 1 1 1 1 1 1 1 1 1 1 1 1 1 1 0 0 0 0 1 1
inputLevels 7 0.482 0.482 0.531 0.531 0.578 0.578 0.617 0.617 0.639 0.639 0.442 0.497 0.497 0.442 0.641 0.641 0.353 0.353 0.359 0.359
inputDelays 7 26.244 26.244 22.736 22.736 19.699 19.699 17.382 17.382 16.099 16.099 29.369 25.155 25.155 29.369 31.928 31.928 24.917 24.917 24.578 24.578
7 0.000 0.000 0 1 0.000 5.000 0.000 0 0 0 0 0 0 0 0.000 -0.700 360 0 0.000 0 1 4.000 -9.000 0
inputOffest 8 0.000 0.000 0.000
inputJitter 8 0.000
inputLFO 8 0 1.000 0 0 1.000 0 0 1.000 0 0 1.000 0
inputMutes 8 1 1 1 1 1 1 1 1 1 1 1 1 1 1 1 1 0 0 1 1
inputLevels 8 1.000 1.000 1.000 1.000 1.000 1.000 1.000 1.000 1.000 1.000 1.000 1.000 1.000 1.000 1.000 1.000 1.000 1.000 1.000 1.000
inputDelays 8 23.189 23.189 19.128 19.128 15.395 15.395 12.292 12.292 10.399 10.399 26.357 21.564 21.564 26.357 29.468 29.468 24.917 24.917 23.886 23.886
8 0.000 0.000 0 1 0.000 3.000 0.000 0 0 0 0 0 0 0 0.000 0.000 360 0 0.000 0 0 1.500 0.000 0
inputOffest 9 0.000 0.000 0.000
inputJitter 9 0.000
inputLFO 9 0 1.000 0 0 1.000 0 0 1.000 0 0 1.000 0
inputMutes 9 1 1 1 1 1 1 1 1 1 1 1 1 1 1 1 1 0 0 1 1
inputLevels 9 1.000 1.000 1.000 1.000 1.000 1.000 1.000 1.000 1.000 1.000 1.000 1.000 1.000 1.000 1.000 1.000 1.000 1.000 1.000 1.000
inputDelays 9 28.097 28.097 24.851 24.851 22.107 22.107 20.070 20.070 18.970 18.970 31.170 27.237 27.237 31.170 33.467 33.467 25.417 25.417 25.417 25.417
9 0.000 0.000 0 1 0.000 6.000 0.000 0 0 0 0 0 0 0 0.000 0.000 360 0 0.000 0 0 1.500 0.000 0
inputOffest 10 0.000 0.000 0.000
inputJitter 10 0.000
inputLFO 10 0 1.000 0 0 1.000 0 0 1.000 0 0 1.000 0
inputMutes 10 1 1 1 1 1 1 1 1 1 1 1 1 1 1 0 0 0 0 1 1
inputLevels 10 0.315 0.315 0.348 0.348 0.378 0.378 0.400 0.400 0.413 0.413 0.357 0.417 0.417 0.357 0.584 0.584 0.263 0.263 0.241 0.241
inputDelays 10 32.266 32.266 29.484 29.484 27.211 27.211 25.583 25.583 24.730 24.730 28.792 24.479 24.479 28.792 30.032 30.032 24.917 24.917 26.547 26.547
10 0.000 0.000 0 1 0.000 7.000 4.000 0 0 0 0 0 0 100 0.000 -0.900 60 0 -20.000 0 0 1.500 0.000 0
inputOffest 11 0.000 0.000 0.000
inputJitter 11 0.000
inputLFO 11 0 1.000 0 0 1.000 0 0 1.000 0 0 1.000 0
inputMutes 11 1 1 1 1 1 1 1 1 1 1 1 1 1 1 1 1 1 1 1 1
inputLevels 11 0.928 0.254 0.964 0.316 0.888 0.402 0.811 0.525 0.740 0.675 0.704 0.655 0.565 0.472 0.817 0.379 0.628 0.277 0.700 0.287
inputDelays 11 1.911 36.407 0.000 31.777 4.117 27.147 8.673 22.519 13.277 17.895 15.812 19.474 26.911 35.956 18.524 39.668 15.598 43.060 11.943 41.875
11 0.000 0.000 1 1 -6.000 0.000 0.000 0 0 0 0 0 0 0 0.000 -0.500 360 0 0.000 0 0 1.500 0.000 0
inputOffest 12 0.000 0.000 0.000
inputJitter 12 0.000
inputLFO 12 0 1.000 0 0 1.000 0 0 1.000 0 0 1.000 0
inputMutes 12 1 1 1 1 1 1 1 1 1 1 1 1 1 1 1 1 1 1 1 1
inputLevels 12 0.254 0.928 0.316 0.964 0.402 0.888 0.525 0.811 0.675 0.740 0.472 0.565 0.655 0.704 0.379 0.817 0.277 0.628 0.287 0.700
inputDelays 12 36.407 1.911 31.777 0.000 27.147 4.117 22.519 8.673 17.895 13.277 35.956 26.911 19.474 15.812 39.668 18.524 43.060 15.598 41.875 11.943
12 0.000 0.000 1 1 6.000 0.000 0.000 0 0 0 0 0 0 0 0.000 -0.500 360 0 0.000 0 0 1.500 0.000 0
inputOffest 13 0.000 0.000 0.000
inputJitter 13 0.000
inputLFO 13 0 1.000 0 0 1.000 0 0 1.000 0 0 1.000 0
inputMutes 13 1 1 1 1 1 1 1 1 1 1 1 1 1 1 0 0 0 0 1 1
inputLevels 13 0.470 0.470 0.558 0.558 0.659 0.659 0.776 0.776 0.907 0.907 0.426 0.517 0.517 0.426 0.609 0.609 0.231 0.231 0.256 0.256
inputDelays 13 20.905 20.905 16.285 16.285 11.676 11.676 7.101 7.101 2.733 2.733 23.851 18.416 18.416 23.851 27.707 27.707 27.326 27.326 25.417 25.417
13 0.000 0.000 0 1 0.000 0.000 0.000 0 0 0 0 0 0 100 0.000 -0.900 60 0 -20.000 0 0 1.500 0.000 0
inputOffest 14 0.000 0.000 0.000
inputJitter 14 0.000
inputLFO 14 0 1.000 0 0 1.000 0 0 1.000 0 0 1.000 0
inputMutes 14 1 1 1 1 1 1 1 1 1 1 1 1 1 1 1 1 1 1 1 1
inputLevels 14 0.411 0.197 0.414 0.225 0.405 0.257 0.384 0.290 0.356 0.324 0.326 0.301 0.250 0.194 0.565 0.422 0.433 0.099 0.409 0.097
inputDelays 14 24.865 45.476 24.648 41.655 25.293 38.016 26.738 34.615 28.863 31.530 31.358 33.558 38.712 45.835 31.928 48.252 15.598 43.060 16.639 43.448
14 0.000 0.000 0 1 -6.000 8.000 0.000 0 0 0 0 0 0 0 0.000 -0.900 360 0 0.000 0 0 1.500 0.000 0
inputOffest 15 0.000 0.000 0.000
inputJitter 15 0.000
inputLFO 15 0 1.000 0 0 1.000 0 0 1.000 0 0 1.000 0
inputMutes 15 1 1 1 1 1 1 1 1 1 1 1 1 1 1 1 1 1 1 1 1
inputLevels 15 0.197 0.411 0.225 0.414 0.257 0.405 0.290 0.384 0.324 0.356 0.194 0.250 0.301 0.326 0.422 0.565 0.099 0.433 0.097 0.409
inputDelays 15 45.476 24.865 41.655 24.648 38.016 25.293 34.615 26.738 31.530 28.863 45.835 38.712 33.558 31.358 48.252 31.928 43.060 15.598 43.448 16.639
15 0.000 0.000 0 1 6.000 8.000 0.000 0 0 0 0 0 0 0 0.000 -0.900 360 0 0.000 0 0 1.500 0.000 0
inputOffest 16 0.000 0.000 0.000
inputJitter 16 0.000
inputLFO 16 0 1.000 0 0 1.000 0 0 1.000 0 0 1.000 0
inputMutes 16 1 1 1 1 1 1 1 1 1 1 1 1 1 1 1 1 1 1 1 1
inputLevels 16 0.595 0.260 0.625 0.303 0.620 0.353 0.584 0.408 0.528 0.467 0.444 0.418 0.341 0.257 0.645 0.479 0.517 0.126 0.559 0.129
inputDelays 16 14.509 37.665 13.150 33.356 13.352 29.146 15.054 25.087 17.830 21.264 22.679 24.393 30.091 38.021 24.493 41.117 12.289 38.645 10.838 38.208
16 0.000 0.000 0 1 -5.000 4.000 0.000 0 0 0 0 0 0 0 0.000 -0.900 360 0 0.000 0 0 1.500 0.000 0
reverbReturnMutes 1 1 1 1 1 1 1 1 1 1 1 1 1 1 1 1 1
reverbReturn 1 0.000 0.000 0 -12.000 6.000 4.000 0 -0.700 360 0 0.000
reverbReturnMutes 2 1 1 1 1 1 1 1 1 1 1 1 1 1 1 1 1
reverbReturn 2 0.000 0.000 0 12.000 6.000 4.000 0 -0.700 360 0 0.000
reverbReturnMutes 3 1 1 1 1 1 1 1 1 1 1 1 1 1 1 1 1
reverbReturn 3 0.000 0.000 0 -7.000 4.000 2.000 0 -0.700 360 0 0.000
reverbReturnMutes 4 1 1 1 1 1 1 1 1 1 1 1 1 1 1 1 1
reverbReturn 4 0.000 0.000 0 7.000 4.000 2.000 0 -0.700 360 0 0.000
