param 13
outputNames 1 FF_1
outputNames 2 FF_10
outputNames 3 FF_2
outputNames 4 FF_9
outputNames 5 FF_3
outputNames 6 FF_8
outputNames 7 FF_4
outputNames 8 FF_7
outputNames 9 FF_5
outputNames 10 FF_6
outputNames 11 High_1
outputNames 12 High_2
1 0.000 0.000 -4.500 -0.500 0.000 0 86 90 -0.300 1 1 1 100
2 0.000 0.000 -3.500 -0.500 0.000 0 86 90 -0.300 1 1 1 100
3 0.000 0.000 -2.500 -0.500 0.000 0 86 90 -0.300 1 1 1 100
4 0.000 0.000 -1.500 -0.500 0.000 0 86 90 -0.300 1 1 1 100
5 0.000 0.000 -0.500 -0.500 0.000 0 86 90 -0.300 1 1 1 100
6 0.000 0.000 0.500 -0.500 0.000 0 86 90 -0.300 1 1 1 100
7 0.000 0.000 1.500 -0.500 0.000 0 86 90 -0.300 1 1 1 100
8 0.000 0.000 2.500 -0.500 0.000 0 86 90 -0.300 1 1 1 100
9 0.000 0.000 3.500 -0.500 0.000 0 86 90 -0.300 1 1 1 100
10 0.000 0.000 4.500 -0.500 0.000 0 86 90 -0.300 1 1 1 100
11 -15.000 0.000 -5.550 -1.000 6.000 0 86 90 -0.200 2 1 1 100
12 -15.000 0.000 -1.850 -1.000 6.000 0 86 90 -0.200 2 1 1 100
reverbFeed 1 0.000 0.000 -8.000 4.000 3.000 -90 130 20 -0.500 6 0 0 150
reverbFeed 2 0.000 0.000 8.000 4.000 3.000 90 130 20 -0.500 6 0 0 150
reverbFeed 3 0.000 0.000 -8.000 3.000 2.000 -90 130 20 -0.600 6 0 0 150
reverbFeed 4 0.000 0.000 8.000 3.000 2.000 90 130 20 -0.600 6 0 0 150
