param 24
inputNames 1 QLab_1
inputNames 2 QLab_2
inputNames 3 QLab_3
inputNames 4 QLab_4
inputNames 5 QLab_5
inputNames 6 QLab_6
inputNames 7 QLab_7
inputNames 8 QLab_8
inputNames 9 QLab_9
inputNames 10 QLab_10
inputNames 11 QLab_11
inputNames 12 QLab_12
inputNames 13 QLab_13
inputNames 14 QLab_14
inputNames 15 QLab_15
inputNames 16 QLab_16
inputNames 17 QLab_17
inputNames 18 QLab_18
inputNames 19 QLab_19
inputNames 20 QLab_20
inputNames 21 QLab_21
inputNames 22 QLab_22
inputNames 23 input_23
inputNames 24 input_24
inputNames 25 input_25
inputNames 26 input_26
inputNames 27 Hall_L
inputNames 28 Hall_R
inputNames 29 Room_L
inputNames 30 Room_R
inputNames 31 Rvb_DwnS_L
inputNames 32 Rvb_DwnS_R
inputNames 33 Rvb_UpS_L
inputNames 34 Rvb_UpS_R
inputOffset 1 0.000 0.000 0.000
inputJitter 1 0.000
inputLFO 1 0 1.000 0 0 1.000 0 0 1.000 0 0 1.000 0
1 0.000 0.000 0 1 0.000 2.000 0.000 1 1 1 0 0 0 0 0.000 -0.900 360 0 0.000 0 0 1.500 0.000 0 18.828 18.828 14.911 14.911 11.311 11.311 8.445 8.445 7.241 7.241 15.666 9.715 9.715 15.666 23.886 23.886 23.353 23.353 11.311 11.311 30.241 30.241 0.592 0.592 0.660 0.660 0.730 0.730 0.791 0.791 0.818 0.818 0.647 0.763 0.763 0.647 0.514 0.514 0.522 0.522 0.730 0.730 0.431 0.431 0.799 0.799 0.837 0.837 0.874 0.874 0.904 0.904 0.917 1.000 0.883 0.926 0.926 0.883 0.622 0.622 0.573 0.573 0.764 0.799 0.486 0.486 1 1 1 1 1 1 1 1 1 1 1 1 1 1 1 1 1 1 1 1 1 1
inputOffset 2 0.000 0.000 0.000
inputJitter 2 0.000
inputLFO 2 0 1.000 0 0 1.000 0 0 1.000 0 0 1.000 0
2 0.000 0.000 0 1 -2.000 6.000 0.000 1 1 1 0 0 0 0 0.000 -0.900 360 0 0.000 0 0 1.500 0.000 0 22.107 29.857 20.172 26.626 19.049 23.753 18.883 21.384 19.699 19.699 21.530 20.328 22.669 27.669 18.319 29.539 19.431 30.241 19.049 23.753 17.619 22.623 0.541 0.436 0.570 0.477 0.589 0.516 0.591 0.552 0.578 0.578 0.549 0.568 0.532 0.463 0.601 0.440 0.582 0.431 0.589 0.516 0.612 0.533 0.768 0.700 0.786 0.728 0.797 0.753 0.798 0.775 0.791 1.000 0.843 0.851 0.835 0.803 0.695 0.556 0.629 0.486 0.635 0.624 0.657 0.583 1 1 1 1 1 1 1 1 1 1 1 1 1 1 1 1 1 1 1 1 1 1
inputOffset 3 0.000 0.000 0.000
inputJitter 3 0.000
inputLFO 3 0 1.000 0 0 1.000 0 0 1.000 0 0 1.000 0
3 0.000 0.000 0 1 4.000 4.000 0.000 1 1 1 0 0 0 0 0.000 -0.900 360 0 0.000 0 0 1.500 0.000 0 31.763 14.264 27.858 13.115 24.104 13.352 20.584 14.911 17.440 17.440 28.564 21.530 16.192 14.555 34.759 11.586 34.879 11.943 24.104 13.352 30.791 23.353 0.413 0.672 0.461 0.694 0.511 0.690 0.564 0.660 0.616 0.616 0.452 0.549 0.637 0.667 0.380 0.724 0.379 0.717 0.511 0.690 0.425 0.522 0.685 0.844 0.717 0.855 0.750 0.853 0.782 0.837 0.812 1.000 0.797 0.843 0.879 0.891 0.501 0.794 0.435 0.752 0.563 0.767 0.480 0.573 1 1 1 1 1 1 1 1 1 1 1 1 1 1 1 1 1 1 1 1 1 1
inputOffset 4 0.000 0.000 0.000
inputJitter 4 0.000
inputLFO 4 0 1.000 0 0 1.000 0 0 1.000 0 0 1.000 0
4 0.000 0.000 0 1 -8.000 10.000 5.000 1 1 1 0 0 0 100 0.000 -0.700 360 0 0.000 0 0 1.500 0.000 0 30.961 50.690 32.059 47.286 33.686 44.048 35.770 41.015 38.236 38.236 33.436 37.009 42.100 48.230 17.379 49.496 20.276 50.586 33.686 44.048 15.598 32.384 0.423 0.244 0.410 0.268 0.392 0.294 0.370 0.319 0.345 0.345 0.394 0.357 0.310 0.261 0.000 0.252 0.000 0.245 0.392 0.294 0.648 0.406 0.691 0.546 0.682 0.569 0.669 0.591 0.653 0.613 0.634 1.000 0.767 0.745 0.716 0.682 0.708 0.374 0.617 0.299 0.448 0.417 0.689 0.462 1 1 1 1 1 1 1 1 1 1 1 1 1 1 1 1 1 1 1 1 1 1
inputOffset 5 0.000 0.000 0.000
inputJitter 5 0.000
inputLFO 5 0 1.000 0 0 1.000 0 0 1.000 0 0 1.000 0
5 0.000 0.000 0 1 0.000 0.000 0.000 1 1 1 0 0 0 0 0.000 -0.700 360 0 0.000 0 0 1.500 0.000 0 39.103 52.319 39.344 49.539 40.057 46.997 41.219 44.733 42.792 42.792 40.784 42.595 46.004 50.690 26.705 48.208 29.539 49.834 40.057 46.997 9.160 26.229 0.460 0.354 0.458 0.374 0.451 0.393 0.441 0.411 0.427 0.427 0.445 0.429 0.401 0.365 0.588 0.384 0.556 0.371 0.451 0.393 0.000 0.000 0.223 0.206 0.222 0.210 0.222 0.213 0.220 0.216 0.219 0.364 0.257 0.256 0.255 0.252 0.210 0.158 0.176 0.124 0.137 0.147 0.362 0.265 1 1 1 1 1 1 1 1 1 1 1 1 1 1 1 1 1 1 1 1 1 1
inputOffset 6 0.000 0.000 0.000
inputJitter 6 0.000
inputLFO 6 0 1.000 0 0 1.000 0 0 1.000 0 0 1.000 0
6 0.000 0.000 0 1 0.000 6.000 0.000 1 1 1 0 0 0 0 0.000 -0.700 360 0 0.000 0 0 1.500 0.000 0 25.623 25.623 22.899 22.899 20.736 20.736 19.322 19.322 18.828 18.828 24.104 20.736 20.736 24.104 23.886 23.886 24.748 24.748 20.736 20.736 19.431 19.431 0.490 0.490 0.529 0.529 0.562 0.562 0.584 0.584 0.592 0.592 0.511 0.562 0.562 0.511 0.514 0.514 0.502 0.502 0.562 0.562 0.582 0.582 0.737 0.737 0.761 0.761 0.781 0.781 0.794 0.794 0.799 1.000 0.826 0.848 0.848 0.826 0.622 0.622 0.554 0.554 0.610 0.662 0.629 0.629 1 1 1 1 1 1 1 1 1 1 1 1 1 1 1 1 1 1 1 1 1 1
inputOffset 7 0.000 0.000 0.000
inputJitter 7 0.000
inputLFO 7 0 1.000 0 0 1.000 0 0 1.000 0 0 1.000 0
7 0.000 0.000 0 1 -6.000 10.000 0.000 1 1 1 0 0 0 0 0.000 -0.300 360 0 0.000 0 0 1.500 0.000 0 30.414 46.186 30.723 43.012 31.631 40.057 33.089 37.376 35.029 35.029 32.157 34.425 38.563 44.048 18.319 44.119 21.087 45.338 31.631 40.057 10.444 26.705 0.429 0.277 0.425 0.302 0.415 0.328 0.398 0.353 0.377 0.377 0.409 0.384 0.342 0.294 0.601 0.293 0.556 0.283 0.415 0.328 0.748 0.476 0.696 0.577 0.693 0.599 0.686 0.620 0.674 0.640 0.659 1.000 0.774 0.761 0.736 0.705 0.695 0.416 0.605 0.339 0.470 0.451 0.780 0.529 1 1 1 1 1 1 1 1 1 1 1 1 1 1 1 1 1 1 1 1 1 1
inputOffset 8 0.000 0.000 0.000
inputJitter 8 0.000
inputLFO 8 0 1.000 0 0 1.000 0 0 1.000 0 0 1.000 0
8 0.000 0.000 0 1 6.000 10.000 0.000 1 1 1 0 0 0 0 0.000 -0.300 360 0 0.000 0 0 1.500 0.000 0 46.186 30.414 43.012 30.723 40.057 31.631 37.376 33.089 35.029 35.029 44.048 38.563 34.425 32.157 44.119 18.319 45.338 21.087 40.057 31.631 26.705 10.444 0.277 0.429 0.302 0.425 0.328 0.415 0.353 0.398 0.377 0.377 0.294 0.342 0.384 0.409 0.293 0.601 0.283 0.556 0.328 0.415 0.476 0.748 0.577 0.696 0.599 0.693 0.620 0.686 0.640 0.674 0.659 1.000 0.705 0.736 0.761 0.774 0.416 0.695 0.339 0.605 0.385 0.533 0.529 0.780 1 1 1 1 1 1 1 1 1 1 1 1 1 1 1 1 1 1 1 1 1 1
inputOffset 9 0.000 0.000 0.000
inputJitter 9 0.000
inputLFO 9 0 1.000 0 0 1.000 0 0 1.000 0 0 1.000 0
9 0.000 0.000 0 1 -5.000 5.000 0.000 1 1 1 0 0 0 0 0.000 -0.700 360 0 0.000 0 0 1.500 0.000 0 16.192 35.623 15.997 31.796 16.952 28.120 18.883 24.663 21.530 21.530 17.440 20.120 25.623 32.546 9.160 37.766 10.444 38.098 16.952 28.120 21.087 30.791 0.637 0.371 0.641 0.413 0.624 0.457 0.591 0.503 0.549 0.549 0.616 0.571 0.490 0.404 0.775 0.350 0.748 0.346 0.624 0.457 0.556 0.425 0.824 0.654 0.826 0.684 0.817 0.715 0.798 0.745 0.774 1.000 0.871 0.852 0.816 0.772 0.834 0.472 0.780 0.403 0.667 0.572 0.605 0.480 1 1 1 1 1 1 1 1 1 1 1 1 1 1 1 1 1 1 1 1 1 1
inputOffset 10 0.000 0.000 0.000
inputJitter 10 0.000
inputLFO 10 0 1.000 0 0 1.000 0 0 1.000 0 0 1.000 0
10 0.000 0.000 0 1 0.000 10.000 5.000 1 1 1 0 0 0 100 0.000 -0.100 360 0 0.000 0 0 1.500 0.000 0 35.029 35.029 33.089 33.089 31.631 31.631 30.723 30.723 30.414 30.414 34.425 32.157 32.157 34.425 28.966 28.966 30.791 30.791 31.631 31.631 10.444 10.444 0.870 0.870 0.877 0.877 0.882 0.882 0.885 0.885 0.886 0.886 0.872 0.880 0.880 0.872 0.891 0.891 0.885 0.885 0.882 0.882 0.959 0.959 0.659 0.659 0.674 0.674 0.686 0.686 0.693 0.693 0.696 1.000 0.761 0.774 0.774 0.761 0.562 0.562 0.480 0.480 0.470 0.533 0.780 0.780 1 1 1 1 1 1 1 1 1 1 1 1 1 1 1 1 1 1 1 1 1 1
inputOffset 11 0.000 0.000 0.000
inputJitter 11 0.000
inputLFO 11 0 1.000 0 0 1.000 0 0 1.000 0 0 1.000 0
11 0.000 0.000 0 1 -2.000 9.000 5.000 1 1 1 0 0 0 100 0.000 -0.700 360 0 0.000 0 0 1.500 0.000 0 29.857 35.974 28.454 33.342 27.669 31.096 27.555 29.325 28.120 28.120 29.857 29.002 30.688 34.547 22.623 32.384 24.578 33.779 27.669 31.096 9.160 16.890 0.436 0.368 0.453 0.395 0.463 0.421 0.465 0.442 0.457 0.457 0.436 0.446 0.426 0.382 0.533 0.406 0.505 0.391 0.463 0.421 0.775 0.625 0.700 0.651 0.712 0.672 0.719 0.690 0.720 0.705 0.715 1.000 0.789 0.794 0.784 0.760 0.638 0.525 0.556 0.447 0.517 0.539 0.804 0.668 1 1 1 1 1 1 1 1 1 1 1 1 1 1 1 1 1 1 1 1 1 1
inputOffset 12 0.000 0.000 0.000
inputJitter 12 0.000
inputLFO 12 0 1.000 0 0 1.000 0 0 1.000 0 0 1.000 0
12 0.000 0.000 0 1 2.000 9.000 5.000 1 1 1 0 0 0 100 0.000 -0.700 360 0 0.000 0 0 1.500 0.000 0 35.974 29.857 33.342 28.454 31.096 27.669 29.325 27.555 28.120 28.120 34.547 30.688 29.002 29.857 32.384 22.623 33.779 24.578 31.096 27.669 16.890 9.160 0.368 0.436 0.395 0.453 0.421 0.463 0.442 0.465 0.457 0.457 0.382 0.426 0.446 0.436 0.406 0.533 0.391 0.505 0.421 0.463 0.625 0.775 0.651 0.700 0.672 0.712 0.690 0.719 0.705 0.720 0.715 1.000 0.760 0.784 0.794 0.789 0.525 0.638 0.447 0.556 0.476 0.577 0.668 0.804 1 1 1 1 1 1 1 1 1 1 1 1 1 1 1 1 1 1 1 1 1 1
inputOffset 13 0.000 0.000 0.000
inputJitter 13 0.000
inputLFO 13 0 1.000 0 0 1.000 0 0 1.000 0 0 1.000 0
13 0.000 0.000 0 1 4.000 7.000 0.000 1 1 1 0 0 0 0 0.000 -0.900 360 0 0.000 0 0 1.500 0.000 0 36.207 22.483 32.835 21.772 29.716 21.916 26.939 22.899 24.621 24.621 33.810 28.120 24.278 23.218 35.828 14.483 36.639 16.385 29.716 21.916 24.917 14.770 0.365 0.535 0.401 0.546 0.437 0.543 0.473 0.529 0.504 0.504 0.390 0.457 0.509 0.524 0.369 0.668 0.361 0.634 0.437 0.543 0.500 0.663 0.649 0.765 0.676 0.771 0.702 0.770 0.725 0.761 0.746 1.000 0.764 0.800 0.824 0.831 0.491 0.750 0.417 0.677 0.492 0.647 0.552 0.703 1 1 1 1 1 1 1 1 1 1 1 1 1 1 1 1 1 1 1 1 1 1
inputOffset 14 0.000 0.000 0.000
inputJitter 14 0.000
inputLFO 14 0 1.000 0 0 1.000 0 0 1.000 0 0 1.000 0
14 0.000 0.000 0 1 0.000 0.000 0.000 1 1 1 0 0 0 0 0.000 -0.700 360 0 0.000 0 0 1.500 0.000 0 17.440 17.440 13.115 13.115 8.810 8.810 4.580 4.580 1.448 1.448 13.352 5.222 5.222 13.352 25.908 25.908 24.748 24.748 8.810 8.810 35.828 35.828 0.616 0.616 0.694 0.694 0.783 0.783 0.880 0.880 0.961 0.961 0.690 0.865 0.865 0.690 0.486 0.486 0.502 0.502 0.783 0.783 0.369 0.369 0.812 0.812 0.855 0.855 0.900 0.900 0.947 0.947 0.983 1.000 0.899 0.959 0.959 0.899 0.598 0.598 0.554 0.554 0.811 0.839 0.426 0.426 1 1 1 1 1 1 1 1 1 1 1 1 1 1 1 1 1 1 1 1 1 1
inputOffset 15 0.000 0.000 0.000
inputJitter 15 0.000
inputLFO 15 0 1.000 0 0 1.000 0 0 1.000 0 0 1.000 0
15 0.000 0.000 0 1 0.000 0.000 0.000 1 1 1 0 0 0 0 0.000 -0.700 360 0 0.000 0 0 1.500 0.000 0 17.440 17.440 13.115 13.115 8.810 8.810 4.580 4.580 1.448 1.448 13.352 5.222 5.222 13.352 25.908 25.908 24.748 24.748 8.810 8.810 35.828 35.828 0.616 0.616 0.694 0.694 0.783 0.783 0.880 0.880 0.961 0.961 0.690 0.865 0.865 0.690 0.486 0.486 0.502 0.502 0.783 0.783 0.369 0.369 0.812 0.812 0.855 0.855 0.900 0.900 0.947 0.947 0.983 1.000 0.899 0.959 0.959 0.899 0.598 0.598 0.554 0.554 0.811 0.839 0.426 0.426 1 1 1 1 1 1 1 1 1 1 1 1 1 1 1 1 1 1 1 1 1 1
inputOffset 16 0.000 0.000 0.000
inputJitter 16 0.000
inputLFO 16 0 1.000 0 0 1.000 0 0 1.000 0 0 1.000 0
16 0.000 0.000 0 1 0.000 0.000 0.000 1 1 1 0 0 0 0 0.000 -0.700 360 0 0.000 0 0 1.500 0.000 0 17.440 17.440 13.115 13.115 8.810 8.810 4.580 4.580 1.448 1.448 13.352 5.222 5.222 13.352 25.908 25.908 24.748 24.748 8.810 8.810 35.828 35.828 0.616 0.616 0.694 0.694 0.783 0.783 0.880 0.880 0.961 0.961 0.690 0.865 0.865 0.690 0.486 0.486 0.502 0.502 0.783 0.783 0.369 0.369 0.812 0.812 0.855 0.855 0.900 0.900 0.947 0.947 0.983 1.000 0.899 0.959 0.959 0.899 0.598 0.598 0.554 0.554 0.811 0.839 0.426 0.426 1 1 1 1 1 1 1 1 1 1 1 1 1 1 1 1 1 1 1 1 1 1
inputOffset 17 0.000 0.000 0.000
inputJitter 17 0.000
inputLFO 17 0 1.000 0 0 1.000 0 0 1.000 0 0 1.000 0
17 0.000 0.000 0 1 0.000 0.000 0.000 1 1 1 0 0 0 0 0.000 -0.700 360 0 0.000 0 0 1.500 0.000 0 17.440 17.440 13.115 13.115 8.810 8.810 4.580 4.580 1.448 1.448 13.352 5.222 5.222 13.352 25.908 25.908 24.748 24.748 8.810 8.810 35.828 35.828 0.616 0.616 0.694 0.694 0.783 0.783 0.880 0.880 0.961 0.961 0.690 0.865 0.865 0.690 0.486 0.486 0.502 0.502 0.783 0.783 0.369 0.369 0.812 0.812 0.855 0.855 0.900 0.900 0.947 0.947 0.983 1.000 0.899 0.959 0.959 0.899 0.598 0.598 0.554 0.554 0.811 0.839 0.426 0.426 1 1 1 1 1 1 1 1 1 1 1 1 1 1 1 1 1 1 1 1 1 1
inputOffset 18 0.000 0.000 0.000
inputJitter 18 0.000
inputLFO 18 0 1.000 0 0 1.000 0 0 1.000 0 0 1.000 0
18 0.000 0.000 0 1 0.000 0.000 0.000 1 1 1 0 0 0 0 0.000 -0.700 360 0 0.000 0 0 1.500 0.000 0 17.440 17.440 13.115 13.115 8.810 8.810 4.580 4.580 1.448 1.448 13.352 5.222 5.222 13.352 25.908 25.908 24.748 24.748 8.810 8.810 35.828 35.828 0.616 0.616 0.694 0.694 0.783 0.783 0.880 0.880 0.961 0.961 0.690 0.865 0.865 0.690 0.486 0.486 0.502 0.502 0.783 0.783 0.369 0.369 0.812 0.812 0.855 0.855 0.900 0.900 0.947 0.947 0.983 1.000 0.899 0.959 0.959 0.899 0.598 0.598 0.554 0.554 0.811 0.839 0.426 0.426 1 1 1 1 1 1 1 1 1 1 1 1 1 1 1 1 1 1 1 1 1 1
inputOffset 19 0.000 0.000 0.000
inputJitter 19 0.000
inputLFO 19 0 1.000 0 0 1.000 0 0 1.000 0 0 1.000 0
19 0.000 0.000 0 1 0.000 0.000 0.000 1 1 1 0 0 0 0 0.000 -0.700 360 0 0.000 0 0 1.500 0.000 0 17.440 17.440 13.115 13.115 8.810 8.810 4.580 4.580 1.448 1.448 13.352 5.222 5.222 13.352 25.908 25.908 24.748 24.748 8.810 8.810 35.828 35.828 0.616 0.616 0.694 0.694 0.783 0.783 0.880 0.880 0.961 0.961 0.690 0.865 0.865 0.690 0.486 0.486 0.502 0.502 0.783 0.783 0.369 0.369 0.812 0.812 0.855 0.855 0.900 0.900 0.947 0.947 0.983 1.000 0.899 0.959 0.959 0.899 0.598 0.598 0.554 0.554 0.811 0.839 0.426 0.426 1 1 1 1 1 1 1 1 1 1 1 1 1 1 1 1 1 1 1 1 1 1
inputOffset 20 0.000 0.000 0.000
inputJitter 20 0.000
inputLFO 20 0 1.000 0 0 1.000 0 0 1.000 0 0 1.000 0
20 0.000 0.000 0 1 0.000 0.000 0.000 1 1 1 0 0 0 0 0.000 -0.700 360 0 0.000 0 0 1.500 0.000 0 17.440 17.440 13.115 13.115 8.810 8.810 4.580 4.580 1.448 1.448 13.352 5.222 5.222 13.352 25.908 25.908 24.748 24.748 8.810 8.810 35.828 35.828 0.616 0.616 0.694 0.694 0.783 0.783 0.880 0.880 0.961 0.961 0.690 0.865 0.865 0.690 0.486 0.486 0.502 0.502 0.783 0.783 0.369 0.369 0.812 0.812 0.855 0.855 0.900 0.900 0.947 0.947 0.983 1.000 0.899 0.959 0.959 0.899 0.598 0.598 0.554 0.554 0.811 0.839 0.426 0.426 1 1 1 1 1 1 1 1 1 1 1 1 1 1 1 1 1 1 1 1 1 1
inputOffset 21 0.000 0.000 0.000
inputJitter 21 0.000
inputLFO 21 0 1.000 0 0 1.000 0 0 1.000 0 0 1.000 0
21 0.000 0.000 0 1 0.000 0.000 0.000 1 1 1 0 0 0 0 0.000 -0.700 360 0 0.000 0 0 1.500 0.000 0 17.440 17.440 13.115 13.115 8.810 8.810 4.580 4.580 1.448 1.448 13.352 5.222 5.222 13.352 25.908 25.908 24.748 24.748 8.810 8.810 35.828 35.828 0.616 0.616 0.694 0.694 0.783 0.783 0.880 0.880 0.961 0.961 0.690 0.865 0.865 0.690 0.486 0.486 0.502 0.502 0.783 0.783 0.369 0.369 0.812 0.812 0.855 0.855 0.900 0.900 0.947 0.947 0.983 1.000 0.899 0.959 0.959 0.899 0.598 0.598 0.554 0.554 0.811 0.839 0.426 0.426 1 1 1 1 1 1 1 1 1 1 1 1 1 1 1 1 1 1 1 1 1 1
inputOffset 22 0.000 0.000 0.000
inputJitter 22 0.000
inputLFO 22 0 1.000 0 0 1.000 0 0 1.000 0 0 1.000 0
22 0.000 0.000 0 1 0.000 0.000 0.000 1 1 1 0 0 0 0 0.000 -0.700 360 0 0.000 0 0 1.500 0.000 0 17.440 17.440 13.115 13.115 8.810 8.810 4.580 4.580 1.448 1.448 13.352 5.222 5.222 13.352 25.908 25.908 24.748 24.748 8.810 8.810 35.828 35.828 0.616 0.616 0.694 0.694 0.783 0.783 0.880 0.880 0.961 0.961 0.690 0.865 0.865 0.690 0.486 0.486 0.502 0.502 0.783 0.783 0.369 0.369 0.812 0.812 0.855 0.855 0.900 0.900 0.947 0.947 0.983 1.000 0.899 0.959 0.959 0.899 0.598 0.598 0.554 0.554 0.811 0.839 0.426 0.426 1 1 1 1 1 1 1 1 1 1 1 1 1 1 1 1 1 1 1 1 1 1
inputOffset 23 0.000 0.000 0.000
inputJitter 23 0.000
inputLFO 23 0 1.000 0 0 1.000 0 0 1.000 0 0 1.000 0
23 0.000 0.000 0 1 0.000 0.000 0.000 1 1 1 0 0 0 0 0.000 -0.700 360 0 0.000 0 0 1.500 0.000 0 17.440 17.440 13.115 13.115 8.810 8.810 4.580 4.580 1.448 1.448 13.352 5.222 5.222 13.352 25.908 25.908 24.748 24.748 8.810 8.810 35.828 35.828 0.616 0.616 0.694 0.694 0.783 0.783 0.880 0.880 0.961 0.961 0.690 0.865 0.865 0.690 0.486 0.486 0.502 0.502 0.783 0.783 0.369 0.369 0.812 0.812 0.855 0.855 0.900 0.900 0.947 0.947 0.983 1.000 0.899 0.959 0.959 0.899 0.598 0.598 0.554 0.554 0.811 0.839 0.426 0.426 1 1 1 1 1 1 1 1 1 1 1 1 1 1 1 1 1 1 1 1 1 1
inputOffset 24 0.000 0.000 0.000
inputJitter 24 0.000
inputLFO 24 0 1.000 0 0 1.000 0 0 1.000 0 0 1.000 0
24 0.000 0.000 0 1 0.000 0.000 0.000 1 1 1 0 0 0 0 0.000 -0.700 360 0 0.000 0 0 1.500 0.000 0 17.440 17.440 13.115 13.115 8.810 8.810 4.580 4.580 1.448 1.448 13.352 5.222 5.222 13.352 25.908 25.908 24.748 24.748 8.810 8.810 35.828 35.828 0.616 0.616 0.694 0.694 0.783 0.783 0.880 0.880 0.961 0.961 0.690 0.865 0.865 0.690 0.486 0.486 0.502 0.502 0.783 0.783 0.369 0.369 0.812 0.812 0.855 0.855 0.900 0.900 0.947 0.947 0.983 1.000 0.899 0.959 0.959 0.899 0.598 0.598 0.554 0.554 0.811 0.839 0.426 0.426 1 1 1 1 1 1 1 1 1 1 1 1 1 1 1 1 1 1 1 1 1 1
inputOffset 25 0.000 0.000 0.000
inputJitter 25 0.000
inputLFO 25 0 1.000 0 0 1.000 0 0 1.000 0 0 1.000 0
25 0.000 0.000 0 1 0.000 0.000 0.000 1 1 1 0 0 0 0 0.000 -0.700 360 0 0.000 0 0 1.500 0.000 0 17.440 17.440 13.115 13.115 8.810 8.810 4.580 4.580 1.448 1.448 13.352 5.222 5.222 13.352 25.908 25.908 24.748 24.748 8.810 8.810 35.828 35.828 0.616 0.616 0.694 0.694 0.783 0.783 0.880 0.880 0.961 0.961 0.690 0.865 0.865 0.690 0.486 0.486 0.502 0.502 0.783 0.783 0.369 0.369 0.812 0.812 0.855 0.855 0.900 0.900 0.947 0.947 0.983 1.000 0.899 0.959 0.959 0.899 0.598 0.598 0.554 0.554 0.811 0.839 0.426 0.426 1 1 1 1 1 1 1 1 1 1 1 1 1 1 1 1 1 1 1 1 1 1
inputOffset 26 0.000 0.000 0.000
inputJitter 26 0.000
inputLFO 26 0 1.000 0 0 1.000 0 0 1.000 0 0 1.000 0
26 0.000 0.000 0 1 0.000 0.000 0.000 1 1 1 0 0 0 0 0.000 -0.700 360 0 0.000 0 0 1.500 0.000 0 17.440 17.440 13.115 13.115 8.810 8.810 4.580 4.580 1.448 1.448 13.352 5.222 5.222 13.352 25.908 25.908 24.748 24.748 8.810 8.810 35.828 35.828 0.616 0.616 0.694 0.694 0.783 0.783 0.880 0.880 0.961 0.961 0.690 0.865 0.865 0.690 0.486 0.486 0.502 0.502 0.783 0.783 0.369 0.369 0.812 0.812 0.855 0.855 0.900 0.900 0.947 0.947 0.983 1.000 0.899 0.959 0.959 0.899 0.598 0.598 0.554 0.554 0.811 0.839 0.426 0.426 1 1 1 1 1 1 1 1 1 1 1 1 1 1 1 1 1 1 1 1 1 1
inputOffset 27 0.000 0.000 0.000
inputJitter 27 0.000
inputLFO 27 0 1.000 0 0 1.000 0 0 1.000 0 0 1.000 0
27 0.000 0.000 0 1 12.000 6.000 4.000 0 0 0 1 0 0 0 0.000 -0.700 360 0 0.000 0 0 1.500 0.000 0 25.623 55.433 28.747 51.368 32.157 47.352 35.770 43.400 39.530 39.530 29.716 36.553 44.048 51.916 12.954 58.220 14.483 58.579 32.157 47.352 31.331 46.795 0.490 0.214 0.449 0.239 0.409 0.268 0.370 0.299 0.333 0.333 0.437 0.362 0.294 0.236 0.000 0.198 0.000 0.196 0.409 0.268 0.418 0.272 0.737 0.516 0.710 0.542 0.682 0.569 0.653 0.596 0.624 1.000 0.790 0.748 0.705 0.662 0.773 0.314 0.708 0.247 0.464 0.390 0.474 0.328 1 1 1 1 1 1 1 1 1 0 1 1 1 1 0 0 0 0 0 0 0 0
inputOffset 28 0.000 0.000 0.000
inputJitter 28 0.000
inputLFO 28 0 1.000 0 0 1.000 0 0 1.000 0 0 1.000 0
28 0.000 0.000 0 1 12.000 6.000 4.000 0 0 0 0 0 0 0 0.000 -0.700 360 0 0.000 0 0 1.500 0.000 0 55.433 25.623 51.368 28.747 47.352 32.157 43.400 35.770 39.530 39.530 51.916 44.048 36.553 29.716 58.220 12.954 58.579 14.483 47.352 32.157 46.795 31.331 0.214 0.490 0.239 0.449 0.268 0.409 0.299 0.370 0.333 0.333 0.236 0.294 0.362 0.437 0.198 0.000 0.196 0.000 0.268 0.409 0.272 0.418 0.516 0.737 0.542 0.710 0.569 0.682 0.596 0.653 0.624 1.000 0.662 0.705 0.748 0.790 0.314 0.773 0.247 0.708 0.323 0.528 0.328 0.474 1 1 1 1 1 1 1 1 1 0 1 1 1 1 0 0 0 0 0 0 0 0
inputOffset 29 0.000 0.000 0.000
inputJitter 29 0.000
inputLFO 29 0 1.000 0 0 1.000 0 0 1.000 0 0 1.000 0
29 0.000 0.000 0 1 10.000 4.000 2.000 0 0 0 1 0 0 0 0.000 -0.700 360 0 0.000 0 0 1.500 0.000 0 17.440 48.143 20.584 43.976 24.104 39.847 27.858 35.770 31.763 31.763 21.530 28.564 36.323 44.427 5.793 52.138 6.477 52.218 24.104 39.847 30.791 44.214 0.616 0.262 0.564 0.294 0.511 0.330 0.461 0.370 0.413 0.413 0.549 0.452 0.364 0.291 0.000 0.234 0.000 0.234 0.511 0.330 0.425 0.292 0.812 0.563 0.782 0.592 0.750 0.622 0.717 0.653 0.685 1.000 0.843 0.797 0.749 0.702 0.891 0.355 0.857 0.288 0.563 0.453 0.480 0.348 1 1 1 1 1 1 1 1 1 0 1 1 1 1 0 0 0 0 0 0 0 0
inputOffset 30 0.000 0.000 0.000
inputJitter 30 0.000
inputLFO 30 0 1.000 0 0 1.000 0 0 1.000 0 0 1.000 0
30 0.000 0.000 0 1 10.000 4.000 2.000 0 0 0 0 0 0 0 0.000 -0.700 360 0 0.000 0 0 1.500 0.000 0 48.143 17.440 43.976 20.584 39.847 24.104 35.770 27.858 31.763 31.763 44.427 36.323 28.564 21.530 52.138 5.793 52.218 6.477 39.847 24.104 44.214 30.791 0.262 0.616 0.294 0.564 0.330 0.511 0.370 0.461 0.413 0.413 0.291 0.364 0.452 0.549 0.234 0.000 0.234 0.000 0.330 0.511 0.292 0.425 0.563 0.812 0.592 0.782 0.622 0.750 0.653 0.717 0.685 1.000 0.702 0.749 0.797 0.843 0.355 0.891 0.288 0.857 0.387 0.619 0.348 0.480 1 1 1 1 1 1 1 1 1 0 1 1 1 1 0 0 0 0 0 0 0 0
inputOffset 31 0.000 0.000 0.000
inputJitter 31 0.000
inputLFO 31 0 1.000 0 0 1.000 0 0 1.000 0 0 1.000 0
31 0.000 0.000 0 1 3.205 0.000 0.000 0 0 0 1 0 0 0 0.000 -0.700 360 0 0.000 0 0 1.500 0.000 0 8.224 26.702 4.021 22.365 1.565 18.031 5.147 13.705 9.396 9.396 4.739 5.725 13.933 22.505 18.087 34.462 16.383 33.599 1.565 18.031 34.764 39.130 0.795 0.365 0.894 0.491 0.957 0.606 0.867 0.683 0.770 0.770 0.876 0.853 0.679 0.535 0.605 0.383 0.634 0.393 0.957 0.606 0.380 0.337 0.907 0.727 0.953 0.766 0.982 0.807 0.940 0.849 0.894 1.000 0.963 0.956 0.895 0.836 0.698 0.504 0.677 0.449 0.963 0.699 0.436 0.393 1 1 1 1 1 1 1 1 1 0 1 1 1 1 0 0 0 0 0 0 0 0
inputOffset 32 0.000 0.000 0.000
inputJitter 32 0.000
inputLFO 32 0 1.000 0 0 1.000 0 0 1.000 0 0 1.000 0
32 0.000 0.000 0 1 3.205 0.000 0.000 0 0 0 0 0 0 0 0.000 -0.700 360 0 0.000 0 0 1.500 0.000 0 26.702 8.224 22.365 4.021 18.031 1.565 13.705 5.147 9.396 9.396 22.505 13.933 5.725 4.739 34.462 18.087 33.599 16.383 18.031 1.565 39.130 34.764 0.365 0.795 0.491 0.894 0.606 0.957 0.683 0.867 0.770 0.770 0.535 0.679 0.853 0.876 0.383 0.605 0.393 0.634 0.606 0.957 0.337 0.380 0.727 0.907 0.766 0.953 0.807 0.982 0.849 0.940 0.894 1.000 0.836 0.895 0.956 0.963 0.504 0.698 0.449 0.677 0.650 0.969 0.393 0.436 1 1 1 1 1 1 1 1 1 0 1 1 1 1 0 0 0 0 0 0 0 0
inputOffset 33 0.000 0.000 0.000
inputJitter 33 0.000
inputLFO 33 0 1.000 0 0 1.000 0 0 1.000 0 0 1.000 0
33 0.000 0.000 0 1 4.500 12.500 0.000 0 0 0 1 0 0 0 0.000 -0.700 360 0 0.000 0 0 1.500 0.000 0 37.905 48.404 37.655 45.799 37.905 43.472 38.645 41.472 39.847 39.847 39.103 40.057 42.792 46.997 26.626 43.785 29.325 45.477 37.905 43.472 4.580 21.772 0.348 0.260 0.351 0.280 0.348 0.298 0.341 0.315 0.330 0.330 0.337 0.328 0.304 0.270 0.477 0.296 0.442 0.282 0.348 0.298 0.000 0.000 0.636 0.561 0.638 0.579 0.636 0.595 0.631 0.610 0.622 1.000 0.733 0.727 0.712 0.688 0.589 0.419 0.497 0.338 0.405 0.421 0.897 0.595 1 1 1 1 1 1 1 1 1 0 1 1 1 1 0 0 0 0 0 0 0 0
inputOffset 34 0.000 0.000 0.000
inputJitter 34 0.000
inputLFO 34 0 1.000 0 0 1.000 0 0 1.000 0 0 1.000 0
34 0.000 0.000 0 1 4.500 12.500 0.000 0 0 0 0 0 0 0 0.000 -0.700 360 0 0.000 0 0 1.500 0.000 0 48.404 37.905 45.799 37.655 43.472 37.905 41.472 38.645 39.847 39.847 46.997 42.792 40.057 39.103 43.785 26.626 45.477 29.325 43.472 37.905 21.772 4.580 0.260 0.348 0.280 0.351 0.298 0.348 0.315 0.341 0.330 0.330 0.270 0.304 0.328 0.337 0.296 0.477 0.282 0.442 0.298 0.348 0.000 0.000 0.561 0.636 0.579 0.638 0.595 0.636 0.610 0.631 0.622 1.000 0.688 0.712 0.727 0.733 0.419 0.589 0.338 0.497 0.355 0.471 0.595 0.897 1 1 1 1 1 1 1 1 1 0 1 1 1 1 0 0 0 0 0 0 0 0
