inputNames 1 input_1
inputNames 2 input_2
inputNames 3 input_3
inputNames 4 input_4
inputNames 5 input_5
inputNames 6 input_6
inputNames 7 input_7
inputNames 8 input_8
inputNames 9 input_9
inputNames 10 input_10
inputNames 11 input_11
inputNames 12 input_12
inputNames 13 input_13
inputNames 14 input_14
inputNames 15 input_15
inputNames 16 input_16
1 0.000 0.000 0 2 -1.874 6.748 4.040 1 1 1 0 0 0 100 0.000 -0.700 0 0 1.500 0.000 0 24.430 30.150 22.934 26.707 22.842 24.170 23.617 30.942 20.404 21.085 26.936 19.704 21.952 26.080 22.147 33.426 23.272 23.406 0.506 0.431 0.527 0.474 0.528 0.509 0.517 0.422 0.566 0.555 0.471 0.577 0.542 0.483 0.539 0.393 0.522 0.520 1 1 1 1 1 1 1 1 1 1 1 1 1 1 1 1 1 1
2 0.000 0.000 0 3 0.108 0.328 1.304 1 1 1 0 0 0 16 0.000 -0.700 0 0 1.500 0.000 0 14.787 14.165 9.041 8.422 3.389 2.808 18.886 18.266 1.976 13.443 12.826 5.035 4.466 20.532 0.841 19.908 1.272 1.121 0.662 0.673 0.777 0.790 0.910 0.925 0.590 0.601 0.946 0.687 0.699 0.869 0.883 0.564 0.977 0.574 0.965 0.969 1 1 1 1 1 1 1 1 1 1 1 1 1 1 1 1 1 1
3 0.000 0.000 0 4 -3.665 0.900 1.377 1 1 1 0 0 0 16 0.000 -0.700 0 0 1.500 0.000 0 4.689 25.155 3.293 19.424 8.145 13.729 8.476 29.217 11.022 3.918 23.771 6.972 15.227 9.715 10.662 30.813 10.633 11.193 0.877 0.495 0.912 0.581 0.797 0.682 0.789 0.442 0.735 0.896 0.515 0.823 0.654 0.762 0.743 0.423 0.743 0.732 1 1 1 1 1 1 1 1 1 1 1 1 1 1 1 1 1 1
4 0.000 0.000 0 5 4.366 0.762 1.467 1 1 1 0 0 0 15 0.000 -0.700 0 0 1.500 0.000 0 27.131 2.931 21.384 4.559 15.657 9.982 31.190 6.453 12.884 25.731 2.706 17.142 8.695 32.822 12.641 7.667 13.092 12.524 0.469 0.921 0.550 0.880 0.646 0.757 0.419 0.835 0.698 0.488 0.927 0.620 0.784 0.400 0.703 0.807 0.694 0.705 1 1 1 1 1 1 1 1 1 1 1 1 1 1 1 1 1 1
5 0.000 0.000 0 6 0.737 5.523 1.431 1 1 1 0 0 0 16 0.000 -0.700 0 0 1.500 0.000 0 22.994 20.149 19.258 17.240 16.723 15.972 26.094 22.886 16.157 22.023 19.353 17.269 16.168 26.632 14.667 23.183 16.136 16.060 0.526 0.570 0.584 0.618 0.627 0.640 0.483 0.528 0.637 0.541 0.583 0.617 0.637 0.475 0.664 0.523 0.637 0.639 1 1 1 1 1 1 1 1 1 1 1 1 1 1 1 1 1 1
6 0.000 0.000 0 7 -3.447 5.024 1.359 1 1 1 0 0 0 16 0.000 -0.700 0 0 1.500 0.000 0 15.192 28.375 14.573 23.600 16.142 19.376 16.906 31.952 17.667 14.912 27.189 15.643 20.421 16.617 16.429 32.866 17.436 17.762 0.654 0.453 0.666 0.517 0.637 0.582 0.624 0.410 0.611 0.659 0.468 0.646 0.565 0.629 0.632 0.399 0.615 0.609 1 1 1 1 1 1 1 1 1 1 1 1 1 1 1 1 1 1
7 0.000 0.000 0 8 4.784 4.780 1.286 1 1 1 0 0 0 18 0.000 -0.700 0 0 1.500 0.000 0 31.438 13.826 26.375 14.741 21.669 17.609 35.160 14.690 19.615 30.203 13.954 22.871 16.850 36.194 18.540 13.926 19.737 19.328 0.416 0.680 0.479 0.663 0.546 0.612 0.375 0.664 0.578 0.430 0.677 0.528 0.625 0.364 0.596 0.678 0.576 0.583 1 1 1 1 1 1 1 1 1 1 1 1 1 1 1 1 1 1
8 0.000 0.000 0 9 -6.786 2.856 1.286 1 1 1 0 0 0 18 0.000 -0.700 0 0 1.500 0.000 0 9.745 35.009 13.704 29.431 18.636 23.946 8.539 38.990 21.338 10.733 33.657 17.448 25.370 6.861 20.744 40.374 20.995 21.527 0.762 0.376 0.682 0.440 0.594 0.512 0.788 0.337 0.551 0.741 0.391 0.614 0.492 0.826 0.560 0.324 0.556 0.548 1 1 1 1 1 1 1 1 1 1 1 1 1 1 1 1 1 1
9 0.000 0.000 0 10 7.183 2.892 1.286 1 1 1 0 0 0 17 0.000 -0.700 0 0 1.500 0.000 0 36.147 10.477 30.560 14.691 25.058 19.712 40.125 8.838 22.424 34.786 11.531 26.478 18.494 41.520 21.860 6.954 22.626 22.091 0.364 0.746 0.426 0.664 0.497 0.577 0.326 0.781 0.535 0.379 0.725 0.477 0.597 0.314 0.543 0.824 0.532 0.540 1 1 1 1 1 1 1 1 1 1 1 1 1 1 1 1 1 1
10 0.000 0.000 0 1 0.000 0.000 0.000 1 1 1 0 0 0 0 0.000 -0.700 0 0 1.500 0.000 0 0.000 0.000 0.000 0.000 0.000 0.000 0.000 0.000 0.000 0.000 0.000 0.000 0.000 0.000 0.000 0.000 0.000 0.000 1.000 1.000 1.000 1.000 1.000 1.000 1.000 1.000 1.000 1.000 1.000 1.000 1.000 1.000 1.000 1.000 1.000 1.000 1 1 1 1 1 1 1 1 1 1 1 1 1 1 1 1 1 1
11 0.000 0.000 0 11 0.040 8.000 1.395 1 1 1 0 0 0 18 0.000 -0.700 0 0 1.500 0.000 0 27.300 27.179 24.712 24.631 23.296 23.267 29.702 29.558 23.166 26.615 26.503 23.589 23.547 29.699 21.660 29.542 23.105 23.102 0.467 0.468 0.502 0.503 0.522 0.522 0.436 0.438 0.524 0.476 0.477 0.518 0.518 0.436 0.546 0.438 0.525 0.525 1 1 1 1 1 1 1 1 1 1 1 1 1 1 1 1 1 1
12 0.000 0.000 0 11 0.040 8.000 1.395 1 1 1 0 0 0 18 0.000 -0.700 0 0 1.500 0.000 0 27.300 27.179 24.712 24.631 23.296 23.267 29.702 29.558 23.166 26.615 26.503 23.589 23.547 29.699 21.660 29.542 23.105 23.102 0.467 0.468 0.502 0.503 0.522 0.522 0.436 0.438 0.524 0.476 0.477 0.518 0.518 0.436 0.546 0.438 0.525 0.525 1 1 1 1 1 1 1 1 1 1 1 1 1 1 1 1 1 1
13 0.000 0.000 0 1 0.000 0.000 0.000 1 1 1 0 0 0 0 0.000 -0.700 0 0 1.500 0.000 0 0.000 0.000 0.000 0.000 0.000 0.000 0.000 0.000 0.000 0.000 0.000 0.000 0.000 0.000 0.000 0.000 0.000 0.000 1.000 1.000 1.000 1.000 1.000 1.000 1.000 1.000 1.000 1.000 1.000 1.000 1.000 1.000 1.000 1.000 1.000 1.000 1 1 1 1 1 1 1 1 1 1 1 1 1 1 1 1 1 1
14 0.000 0.000 0 1 0.000 0.000 0.000 1 1 1 0 0 0 0 0.000 -0.700 0 0 1.500 0.000 0 0.000 0.000 0.000 0.000 0.000 0.000 0.000 0.000 0.000 0.000 0.000 0.000 0.000 0.000 0.000 0.000 0.000 0.000 1.000 1.000 1.000 1.000 1.000 1.000 1.000 1.000 1.000 1.000 1.000 1.000 1.000 1.000 1.000 1.000 1.000 1.000 1 1 1 1 1 1 1 1 1 1 1 1 1 1 1 1 1 1
15 0.000 0.000 0 1 0.000 0.000 0.000 1 1 1 0 0 0 0 0.000 -0.700 0 0 1.500 0.000 0 0.000 0.000 0.000 0.000 0.000 0.000 0.000 0.000 0.000 0.000 0.000 0.000 0.000 0.000 0.000 0.000 0.000 0.000 1.000 1.000 1.000 1.000 1.000 1.000 1.000 1.000 1.000 1.000 1.000 1.000 1.000 1.000 1.000 1.000 1.000 1.000 1 1 1 1 1 1 1 1 1 1 1 1 1 1 1 1 1 1
16 0.000 0.000 0 1 0.000 0.000 0.000 1 1 1 0 0 0 0 0.000 -0.700 0 0 1.500 0.000 0 0.000 0.000 0.000 0.000 0.000 0.000 0.000 0.000 0.000 0.000 0.000 0.000 0.000 0.000 0.000 0.000 0.000 0.000 1.000 1.000 1.000 1.000 1.000 1.000 1.000 1.000 1.000 1.000 1.000 1.000 1.000 1.000 1.000 1.000 1.000 1.000 1 1 1 1 1 1 1 1 1 1 1 1 1 1 1 1 1 1
