inputNames 1 input_1
inputNames 2 input_2
inputNames 3 input_3
inputNames 4 input_4
inputNames 5 input_5
inputNames 6 input_6
inputNames 7 input_7
inputNames 8 input_8
inputNames 9 input_9
inputNames 10 input_10
inputNames 11 input_11
inputNames 12 input_12
inputNames 13 input_13
inputNames 14 input_14
inputNames 15 input_15
inputNames 16 input_16
1 0.000 0.000 0 2 -1.473 0.000 5.000 1 1 1 0 0 0 100 0.000 -0.732 0 0 1.500 0.000 0 17.662 23.608 15.090 19.364 14.496 16.100 14.222 22.724 4.251 8.738 17.240 0.079 8.580 21.562 15.114 28.433 14.966 15.129 0.597 0.502 0.644 0.568 0.655 0.625 0.660 0.515 0.883 0.775 0.605 0.998 0.778 0.533 0.643 0.436 0.646 0.643 1 1 1 1 1 1 1 1 1 1 1 1 1 1 1 1 1 1
2 0.000 0.000 0 3 0.840 5.168 3.841 1 1 1 0 0 0 100 0.000 -0.732 0 0 1.500 0.000 0 25.090 22.127 21.638 19.603 19.328 18.591 25.891 22.165 15.478 21.708 18.583 16.712 15.406 28.574 17.615 24.912 18.782 18.707 0.481 0.524 0.532 0.564 0.569 0.581 0.470 0.524 0.637 0.531 0.581 0.614 0.638 0.434 0.598 0.483 0.578 0.579 1 1 1 1 1 1 1 1 1 1 1 1 1 1 1 1 1 1
3 0.000 0.000 0 4 -2.293 4.775 2.935 1 1 1 0 0 0 100 0.000 -0.792 0 0 1.500 0.000 0 17.966 26.549 16.306 22.251 16.603 18.763 19.132 29.241 16.410 16.312 24.697 15.190 18.584 20.215 16.365 30.716 17.372 17.590 0.567 0.432 0.597 0.495 0.592 0.553 0.546 0.397 0.595 0.597 0.458 0.619 0.556 0.528 0.596 0.379 0.578 0.574 1 1 1 1 1 1 1 1 1 1 1 1 1 1 1 1 1 1
4 0.000 0.000 0 5 4.014 4.748 2.989 1 1 1 0 0 0 100 0.000 -0.802 0 0 1.500 0.000 0 30.646 16.442 25.925 16.457 21.719 18.383 33.542 16.399 18.861 28.730 14.949 21.790 16.558 35.149 18.948 17.294 20.081 19.746 0.375 0.591 0.436 0.591 0.499 0.555 0.342 0.592 0.547 0.399 0.620 0.498 0.589 0.325 0.545 0.575 0.526 0.532 1 1 1 1 1 1 1 1 1 1 1 1 1 1 1 1 1 1
5 0.000 0.000 0 6 0.926 0.272 0.000 1 1 1 0 0 0 100 0.000 -0.782 0 0 1.500 0.000 0 17.123 11.785 11.359 6.037 5.615 0.813 25.614 21.414 14.699 21.312 17.757 16.060 14.548 22.888 2.753 17.544 3.064 2.510 0.586 0.692 0.702 0.828 0.839 0.975 0.450 0.513 0.632 0.514 0.575 0.606 0.635 0.490 0.918 0.579 0.909 0.925 1 1 1 1 1 1 1 1 1 1 1 1 1 1 1 1 1 1
6 0.000 0.000 0 7 -2.659 0.998 0.000 1 1 1 0 0 0 100 0.000 -0.732 0 0 1.500 0.000 0 7.345 22.294 3.044 16.586 5.588 10.947 18.253 30.005 16.598 15.647 25.369 15.092 18.992 12.612 7.808 27.917 7.928 8.468 0.807 0.522 0.915 0.616 0.850 0.727 0.587 0.417 0.616 0.633 0.477 0.644 0.574 0.692 0.796 0.443 0.793 0.781 1 1 1 1 1 1 1 1 1 1 1 1 1 1 1 1 1 1
7 0.000 0.000 0 8 3.938 1.023 0.000 1 1 1 0 0 0 100 0.000 -0.742 0 0 1.500 0.000 0 25.967 4.255 20.243 4.006 14.556 8.980 33.278 16.355 18.607 28.464 14.820 21.526 16.326 31.608 11.467 8.966 12.024 11.465 0.464 0.882 0.549 0.888 0.650 0.767 0.374 0.616 0.577 0.431 0.645 0.529 0.617 0.393 0.712 0.767 0.701 0.712 1 1 1 1 1 1 1 1 1 1 1 1 1 1 1 1 1 1
8 0.000 0.000 0 9 -4.836 3.211 2.283 1 1 1 0 0 0 100 0.000 -0.762 0 0 1.500 0.000 0 11.381 30.584 12.545 25.316 15.871 20.324 12.953 34.630 18.500 12.180 29.557 15.496 21.952 11.985 17.306 35.662 17.781 18.229 0.708 0.395 0.683 0.463 0.617 0.539 0.675 0.349 0.570 0.691 0.407 0.624 0.513 0.695 0.591 0.338 0.583 0.575 1 1 1 1 1 1 1 1 1 1 1 1 1 1 1 1 1 1
9 0.000 0.000 0 10 5.766 3.146 2.373 1 1 1 0 0 0 100 0.000 -0.762 0 0 1.500 0.000 0 33.091 11.587 27.741 13.896 22.600 17.849 37.054 11.970 20.418 31.905 12.380 24.078 17.074 38.249 19.550 10.860 20.397 19.920 0.366 0.703 0.430 0.656 0.503 0.581 0.324 0.695 0.538 0.379 0.686 0.481 0.595 0.313 0.552 0.719 0.538 0.546 1 1 1 1 1 1 1 1 1 1 1 1 1 1 1 1 1 1
10 0.000 0.000 0 1 0.000 0.000 0.000 1 1 1 0 0 0 0 0.000 -0.700 0 0 1.500 0.000 0 0.000 0.000 0.000 0.000 0.000 0.000 0.000 0.000 0.000 0.000 0.000 0.000 0.000 0.000 0.000 0.000 0.000 0.000 1.000 1.000 1.000 1.000 1.000 1.000 1.000 1.000 1.000 1.000 1.000 1.000 1.000 1.000 1.000 1.000 1.000 1.000 1 1 1 1 1 1 1 1 1 1 1 1 1 1 1 1 1 1
11 0.000 0.000 0 11 0.332 8.000 3.877 1 1 1 0 0 0 98 0.000 -0.732 0 0 1.500 0.000 0 29.838 28.897 27.312 26.698 25.850 25.636 30.346 29.156 23.328 27.163 26.231 23.901 23.551 32.199 24.286 30.974 25.593 25.572 0.414 0.425 0.446 0.454 0.465 0.468 0.407 0.422 0.502 0.448 0.460 0.493 0.498 0.386 0.487 0.400 0.469 0.469 1 1 1 1 1 1 1 1 1 1 1 1 1 1 1 1 1 1
12 0.000 0.000 0 11 0.332 8.000 3.877 1 1 1 0 0 0 98 0.000 -0.732 0 0 1.500 0.000 0 29.838 28.897 27.312 26.698 25.850 25.636 30.346 29.156 23.328 27.163 26.231 23.901 23.551 32.199 24.286 30.974 25.593 25.572 0.414 0.425 0.446 0.454 0.465 0.468 0.407 0.422 0.502 0.448 0.460 0.493 0.498 0.386 0.487 0.400 0.469 0.469 1 1 1 1 1 1 1 1 1 1 1 1 1 1 1 1 1 1
13 0.000 0.000 0 1 0.000 0.000 0.000 1 1 1 0 0 0 0 0.000 -0.700 0 0 1.500 0.000 0 0.000 0.000 0.000 0.000 0.000 0.000 0.000 0.000 0.000 0.000 0.000 0.000 0.000 0.000 0.000 0.000 0.000 0.000 1.000 1.000 1.000 1.000 1.000 1.000 1.000 1.000 1.000 1.000 1.000 1.000 1.000 1.000 1.000 1.000 1.000 1.000 1 1 1 1 1 1 1 1 1 1 1 1 1 1 1 1 1 1
14 0.000 0.000 0 1 0.000 0.000 0.000 1 1 1 0 0 0 0 0.000 -0.700 0 0 1.500 0.000 0 0.000 0.000 0.000 0.000 0.000 0.000 0.000 0.000 0.000 0.000 0.000 0.000 0.000 0.000 0.000 0.000 0.000 0.000 1.000 1.000 1.000 1.000 1.000 1.000 1.000 1.000 1.000 1.000 1.000 1.000 1.000 1.000 1.000 1.000 1.000 1.000 1 1 1 1 1 1 1 1 1 1 1 1 1 1 1 1 1 1
15 0.000 0.000 0 1 0.000 0.000 0.000 1 1 1 0 0 0 0 0.000 -0.700 0 0 1.500 0.000 0 0.000 0.000 0.000 0.000 0.000 0.000 0.000 0.000 0.000 0.000 0.000 0.000 0.000 0.000 0.000 0.000 0.000 0.000 1.000 1.000 1.000 1.000 1.000 1.000 1.000 1.000 1.000 1.000 1.000 1.000 1.000 1.000 1.000 1.000 1.000 1.000 1 1 1 1 1 1 1 1 1 1 1 1 1 1 1 1 1 1
16 0.000 0.000 0 1 0.000 0.000 0.000 1 1 1 0 0 0 0 0.000 -0.700 0 0 1.500 0.000 0 0.000 0.000 0.000 0.000 0.000 0.000 0.000 0.000 0.000 0.000 0.000 0.000 0.000 0.000 0.000 0.000 0.000 0.000 1.000 1.000 1.000 1.000 1.000 1.000 1.000 1.000 1.000 1.000 1.000 1.000 1.000 1.000 1.000 1.000 1.000 1.000 1 1 1 1 1 1 1 1 1 1 1 1 1 1 1 1 1 1
