inputNames 1 input_1
inputNames 2 input_2
inputNames 3 input_3
inputNames 4 input_4
inputNames 5 input_5
inputNames 6 input_6
inputNames 7 input_7
inputNames 8 input_8
inputNames 9 input_9
inputNames 10 input_10
inputNames 11 input_11
inputNames 12 input_12
inputNames 13 input_13
inputNames 14 input_14
inputNames 15 input_15
inputNames 16 input_16
1 0.000 0.000 0 2 -1.579 0.073 4.040 1 1 1 0 0 0 100 0.000 -0.654 0 0 1.500 0.000 0 15.282 22.284 12.363 17.626 11.782 13.835 14.191 23.197 5.337 8.879 17.764 2.789 9.311 19.554 12.580 27.397 12.419 12.629 0.671 0.559 0.724 0.631 0.735 0.697 0.691 0.546 0.870 0.793 0.629 0.930 0.784 0.601 0.720 0.489 0.723 0.719 1 1 1 1 1 1 1 1 1 1 1 1 1 1 1 1 1 1
2 0.000 0.000 0 3 0.540 0.300 0.000 1 1 1 0 0 0 100 0.000 -0.663 0 0 1.500 0.000 0 16.014 12.903 10.254 7.154 4.528 1.585 24.704 22.252 14.542 20.510 18.431 15.611 14.721 21.771 1.662 18.656 2.039 1.536 0.655 0.711 0.762 0.828 0.887 0.959 0.520 0.555 0.681 0.581 0.614 0.662 0.677 0.562 0.957 0.610 0.947 0.960 1 1 1 1 1 1 1 1 1 1 1 1 1 1 1 1 1 1
3 0.000 0.000 0 4 -3.135 0.882 0.000 1 1 1 0 0 0 100 0.000 -0.700 0 0 1.500 0.000 0 5.955 23.619 2.575 17.890 6.667 12.204 17.424 31.181 17.223 15.175 26.466 15.396 19.843 11.210 9.116 29.275 9.123 9.678 0.847 0.517 0.931 0.607 0.830 0.711 0.615 0.419 0.618 0.655 0.478 0.651 0.575 0.731 0.775 0.442 0.775 0.763 1 1 1 1 1 1 1 1 1 1 1 1 1 1 1 1 1 1
4 0.000 0.000 0 5 3.919 0.824 0.000 1 1 1 0 0 0 100 0.000 -0.700 0 0 1.500 0.000 0 25.853 3.923 20.111 3.561 14.395 8.754 33.182 16.286 18.490 28.362 14.723 21.414 16.207 31.530 11.350 8.943 11.841 11.276 0.486 0.896 0.570 0.905 0.669 0.783 0.396 0.635 0.597 0.453 0.663 0.550 0.636 0.415 0.728 0.779 0.718 0.730 1 1 1 1 1 1 1 1 1 1 1 1 1 1 1 1 1 1
5 0.000 0.000 0 6 0.629 5.759 0.000 1 1 1 0 0 0 100 0.000 -0.700 0 0 1.500 0.000 0 23.245 20.869 19.649 17.977 17.276 16.658 29.938 27.606 22.089 26.529 24.688 22.856 22.158 26.746 15.289 23.846 16.756 16.694 0.523 0.558 0.578 0.605 0.617 0.628 0.433 0.463 0.540 0.477 0.502 0.528 0.539 0.474 0.653 0.514 0.626 0.627 1 1 1 1 1 1 1 1 1 1 1 1 1 1 1 1 1 1
6 0.000 0.000 0 7 -2.933 5.232 0.326 1 1 1 0 0 0 100 0.000 -0.700 0 0 1.500 0.000 0 16.265 27.447 15.132 22.853 16.127 18.917 22.587 33.702 21.949 20.749 29.503 20.669 23.955 18.034 16.098 31.773 17.200 17.482 0.635 0.465 0.655 0.528 0.637 0.590 0.532 0.390 0.542 0.560 0.439 0.562 0.512 0.604 0.638 0.412 0.619 0.614 1 1 1 1 1 1 1 1 1 1 1 1 1 1 1 1 1 1
7 0.000 0.000 0 8 4.074 5.097 0.580 1 1 1 0 0 0 100 0.000 -0.700 0 0 1.500 0.000 0 30.086 15.046 25.222 15.128 20.826 17.261 35.961 20.599 22.748 31.491 19.513 25.260 20.843 34.649 17.808 15.818 19.089 18.730 0.432 0.657 0.495 0.655 0.559 0.618 0.366 0.563 0.530 0.415 0.580 0.494 0.559 0.380 0.608 0.643 0.587 0.593 1 1 1 1 1 1 1 1 1 1 1 1 1 1 1 1 1 1
8 0.000 0.000 0 9 -4.888 3.116 0.000 1 1 1 0 0 0 100 0.000 -0.700 0 0 1.500 0.000 0 9.000 29.926 10.517 24.481 14.383 19.229 17.556 36.754 22.097 17.042 31.993 19.617 25.084 9.704 16.003 35.136 16.490 16.977 0.778 0.434 0.746 0.505 0.669 0.585 0.613 0.358 0.540 0.621 0.409 0.578 0.496 0.763 0.640 0.375 0.631 0.623 1 1 1 1 1 1 1 1 1 1 1 1 1 1 1 1 1 1
9 0.000 0.000 0 10 5.361 3.181 0.036 1 1 1 0 0 0 100 0.000 -0.700 0 0 1.500 0.000 0 31.284 9.241 25.821 11.434 20.528 15.581 37.974 17.279 23.000 33.162 17.197 26.111 20.341 36.509 17.301 9.070 18.242 17.746 0.418 0.773 0.486 0.727 0.564 0.647 0.346 0.617 0.526 0.396 0.619 0.482 0.567 0.361 0.617 0.776 0.601 0.609 1 1 1 1 1 1 1 1 1 1 1 1 1 1 1 1 1 1
10 0.000 0.000 0 1 0.000 0.000 0.000 1 1 1 0 0 0 0 0.000 -0.700 0 0 1.500 0.000 0 0.000 0.000 0.000 0.000 0.000 0.000 0.000 0.000 0.000 0.000 0.000 0.000 0.000 0.000 0.000 0.000 0.000 0.000 1.000 1.000 1.000 1.000 1.000 1.000 1.000 1.000 1.000 1.000 1.000 1.000 1.000 1.000 1.000 1.000 1.000 1.000 1 1 1 1 1 1 1 1 1 1 1 1 1 1 1 1 1 1
11 0.000 0.000 0 11 0.040 8.000 2.500 1 1 1 0 0 0 98 0.000 -0.700 0 0 1.500 0.000 0 27.643 27.523 25.090 25.011 23.697 23.669 29.967 29.826 23.506 26.912 26.801 23.923 23.881 30.014 22.090 29.859 23.510 23.507 0.462 0.464 0.496 0.497 0.516 0.516 0.433 0.435 0.519 0.472 0.473 0.513 0.513 0.433 0.540 0.434 0.519 0.519 1 1 1 1 1 1 1 1 1 1 1 1 1 1 1 1 1 1
12 0.000 0.000 0 11 0.040 8.000 2.500 1 1 1 0 0 0 98 0.000 -0.700 0 0 1.500 0.000 0 27.643 27.523 25.090 25.011 23.697 23.669 29.967 29.826 23.506 26.912 26.801 23.923 23.881 30.014 22.090 29.859 23.510 23.507 0.462 0.464 0.496 0.497 0.516 0.516 0.433 0.435 0.519 0.472 0.473 0.513 0.513 0.433 0.540 0.434 0.519 0.519 1 1 1 1 1 1 1 1 1 1 1 1 1 1 1 1 1 1
13 0.000 0.000 0 1 0.000 0.000 0.000 1 1 1 0 0 0 0 0.000 -0.700 0 0 1.500 0.000 0 0.000 0.000 0.000 0.000 0.000 0.000 0.000 0.000 0.000 0.000 0.000 0.000 0.000 0.000 0.000 0.000 0.000 0.000 1.000 1.000 1.000 1.000 1.000 1.000 1.000 1.000 1.000 1.000 1.000 1.000 1.000 1.000 1.000 1.000 1.000 1.000 1 1 1 1 1 1 1 1 1 1 1 1 1 1 1 1 1 1
14 0.000 0.000 0 1 0.000 0.000 0.000 1 1 1 0 0 0 0 0.000 -0.700 0 0 1.500 0.000 0 0.000 0.000 0.000 0.000 0.000 0.000 0.000 0.000 0.000 0.000 0.000 0.000 0.000 0.000 0.000 0.000 0.000 0.000 1.000 1.000 1.000 1.000 1.000 1.000 1.000 1.000 1.000 1.000 1.000 1.000 1.000 1.000 1.000 1.000 1.000 1.000 1 1 1 1 1 1 1 1 1 1 1 1 1 1 1 1 1 1
15 0.000 0.000 0 1 0.000 0.000 0.000 1 1 1 0 0 0 0 0.000 -0.700 0 0 1.500 0.000 0 0.000 0.000 0.000 0.000 0.000 0.000 0.000 0.000 0.000 0.000 0.000 0.000 0.000 0.000 0.000 0.000 0.000 0.000 1.000 1.000 1.000 1.000 1.000 1.000 1.000 1.000 1.000 1.000 1.000 1.000 1.000 1.000 1.000 1.000 1.000 1.000 1 1 1 1 1 1 1 1 1 1 1 1 1 1 1 1 1 1
16 0.000 0.000 0 1 0.000 0.000 0.000 1 1 1 0 0 0 0 0.000 -0.700 0 0 1.500 0.000 0 0.000 0.000 0.000 0.000 0.000 0.000 0.000 0.000 0.000 0.000 0.000 0.000 0.000 0.000 0.000 0.000 0.000 0.000 1.000 1.000 1.000 1.000 1.000 1.000 1.000 1.000 1.000 1.000 1.000 1.000 1.000 1.000 1.000 1.000 1.000 1.000 1 1 1 1 1 1 1 1 1 1 1 1 1 1 1 1 1 1
