inputNames 1 input_1
inputNames 2 input_2
inputNames 3 input_3
inputNames 4 input_4
inputNames 5 input_5
inputNames 6 input_6
inputNames 7 input_7
inputNames 8 input_8
inputNames 9 input_9
inputNames 10 input_10
inputNames 11 input_11
inputNames 12 input_12
inputNames 13 input_13
inputNames 14 input_14
inputNames 15 input_15
inputNames 16 input_16
1 0.000 0.000 0 2 -1.579 0.073 5.000 1 1 1 0 0 0 100 0.000 -0.654 0 0 1.500 0.000 0 15.889 22.705 13.106 18.154 12.558 14.503 14.059 23.116 4.976 8.666 17.659 2.011 9.108 20.032 13.310 27.740 13.158 13.357 0.661 0.553 0.710 0.623 0.721 0.685 0.693 0.547 0.878 0.798 0.631 0.949 0.789 0.593 0.707 0.485 0.710 0.706 1 1 1 1 1 1 1 1 1 1 1 1 1 1 1 1 1 1
2 0.000 0.000 0 3 0.519 5.106 3.514 1 1 1 0 0 0 100 0.000 -0.663 0 0 1.500 0.000 0 24.182 22.321 20.837 19.551 18.714 18.246 25.105 22.792 15.284 21.006 19.062 16.289 15.472 27.597 17.110 25.307 18.280 18.233 0.527 0.554 0.576 0.596 0.609 0.617 0.515 0.547 0.667 0.574 0.604 0.650 0.664 0.482 0.636 0.512 0.616 0.617 1 1 1 1 1 1 1 1 1 1 1 1 1 1 1 1 1 1
3 0.000 0.000 0 4 -2.359 4.667 3.514 1 1 1 0 0 0 100 0.000 -0.700 0 0 1.500 0.000 0 18.478 27.103 16.934 22.861 17.284 19.426 18.340 28.975 15.707 15.443 24.338 14.369 18.012 20.639 17.115 31.247 18.052 18.268 0.597 0.469 0.623 0.528 0.617 0.581 0.599 0.445 0.645 0.650 0.507 0.670 0.605 0.562 0.620 0.418 0.604 0.600 1 1 1 1 1 1 1 1 1 1 1 1 1 1 1 1 1 1
4 0.000 0.000 0 5 3.494 4.623 3.514 1 1 1 0 0 0 100 0.000 -0.700 0 0 1.500 0.000 0 29.665 17.256 25.105 16.761 21.147 18.186 31.828 16.363 17.295 27.016 14.346 20.130 15.183 34.059 18.552 18.570 19.660 19.362 0.437 0.618 0.496 0.626 0.554 0.602 0.411 0.633 0.617 0.470 0.670 0.570 0.654 0.386 0.596 0.595 0.578 0.582 1 1 1 1 1 1 1 1 1 1 1 1 1 1 1 1 1 1
5 0.000 0.000 0 6 0.683 0.351 0.000 1 1 1 0 0 0 100 0.000 -0.700 0 0 1.500 0.000 0 16.450 12.519 10.701 6.797 5.010 1.525 24.661 21.504 13.930 20.347 17.650 15.161 13.990 22.192 2.130 18.250 2.569 2.079 0.632 0.705 0.742 0.827 0.869 0.958 0.502 0.549 0.678 0.567 0.611 0.655 0.677 0.538 0.942 0.601 0.931 0.944 1 1 1 1 1 1 1 1 1 1 1 1 1 1 1 1 1 1
6 0.000 0.000 0 7 -2.757 1.099 0.000 1 1 1 0 0 0 100 0.000 -0.700 0 0 1.500 0.000 0 7.688 22.769 4.203 17.125 6.549 11.608 16.096 29.104 14.553 13.184 24.232 12.714 17.304 12.654 8.568 28.341 8.717 9.228 0.807 0.530 0.889 0.620 0.833 0.723 0.638 0.444 0.666 0.692 0.508 0.701 0.617 0.702 0.787 0.453 0.784 0.773 1 1 1 1 1 1 1 1 1 1 1 1 1 1 1 1 1 1
7 0.000 0.000 0 8 3.778 1.222 0.000 1 1 1 0 0 0 100 0.000 -0.700 0 0 1.500 0.000 0 25.595 5.059 19.897 4.265 14.260 8.800 32.563 15.955 17.782 27.716 14.200 20.721 15.508 31.190 11.134 9.568 11.766 11.218 0.489 0.868 0.574 0.888 0.672 0.782 0.403 0.641 0.609 0.461 0.673 0.561 0.649 0.419 0.733 0.766 0.720 0.731 1 1 1 1 1 1 1 1 1 1 1 1 1 1 1 1 1 1
8 0.000 0.000 0 9 -3.696 3.060 2.120 1 1 1 0 0 0 100 0.000 -0.700 0 0 1.500 0.000 0 11.470 27.339 11.020 22.158 13.340 17.353 14.334 31.525 16.074 12.245 26.537 13.592 19.223 13.599 14.415 32.360 15.005 15.410 0.726 0.466 0.735 0.539 0.689 0.616 0.670 0.415 0.638 0.710 0.477 0.684 0.585 0.684 0.669 0.405 0.658 0.650 1 1 1 1 1 1 1 1 1 1 1 1 1 1 1 1 1 1
9 0.000 0.000 0 10 4.501 2.906 2.156 1 1 1 0 0 0 100 0.000 -0.700 0 0 1.500 0.000 0 29.355 10.574 24.051 11.335 19.021 14.554 33.569 12.921 17.483 28.493 11.700 20.902 14.557 34.490 16.011 11.817 16.914 16.464 0.441 0.744 0.511 0.729 0.588 0.666 0.392 0.697 0.614 0.451 0.721 0.558 0.666 0.382 0.640 0.719 0.624 0.631 1 1 1 1 1 1 1 1 1 1 1 1 1 1 1 1 1 1
10 0.000 0.000 0 1 0.000 0.000 0.000 1 1 1 0 0 0 0 0.000 -0.700 0 0 1.500 0.000 0 0.000 0.000 0.000 0.000 0.000 0.000 0.000 0.000 0.000 0.000 0.000 0.000 0.000 0.000 0.000 0.000 0.000 0.000 1.000 1.000 1.000 1.000 1.000 1.000 1.000 1.000 1.000 1.000 1.000 1.000 1.000 1.000 1.000 1.000 1.000 1.000 1 1 1 1 1 1 1 1 1 1 1 1 1 1 1 1 1 1
11 0.000 0.000 0 11 0.040 8.000 2.500 1 1 1 0 0 0 98 0.000 -0.700 0 0 1.500 0.000 0 27.643 27.523 25.090 25.011 23.697 23.669 29.967 29.826 23.506 26.912 26.801 23.923 23.881 30.014 22.090 29.859 23.510 23.507 0.462 0.464 0.496 0.497 0.516 0.516 0.433 0.435 0.519 0.472 0.473 0.513 0.513 0.433 0.540 0.434 0.519 0.519 1 1 1 1 1 1 1 1 1 1 1 1 1 1 1 1 1 1
12 0.000 0.000 0 11 0.040 8.000 2.500 1 1 1 0 0 0 98 0.000 -0.700 0 0 1.500 0.000 0 27.643 27.523 25.090 25.011 23.697 23.669 29.967 29.826 23.506 26.912 26.801 23.923 23.881 30.014 22.090 29.859 23.510 23.507 0.462 0.464 0.496 0.497 0.516 0.516 0.433 0.435 0.519 0.472 0.473 0.513 0.513 0.433 0.540 0.434 0.519 0.519 1 1 1 1 1 1 1 1 1 1 1 1 1 1 1 1 1 1
13 0.000 0.000 0 1 0.000 0.000 0.000 1 1 1 0 0 0 0 0.000 -0.700 0 0 1.500 0.000 0 0.000 0.000 0.000 0.000 0.000 0.000 0.000 0.000 0.000 0.000 0.000 0.000 0.000 0.000 0.000 0.000 0.000 0.000 1.000 1.000 1.000 1.000 1.000 1.000 1.000 1.000 1.000 1.000 1.000 1.000 1.000 1.000 1.000 1.000 1.000 1.000 1 1 1 1 1 1 1 1 1 1 1 1 1 1 1 1 1 1
14 0.000 0.000 0 1 0.000 0.000 0.000 1 1 1 0 0 0 0 0.000 -0.700 0 0 1.500 0.000 0 0.000 0.000 0.000 0.000 0.000 0.000 0.000 0.000 0.000 0.000 0.000 0.000 0.000 0.000 0.000 0.000 0.000 0.000 1.000 1.000 1.000 1.000 1.000 1.000 1.000 1.000 1.000 1.000 1.000 1.000 1.000 1.000 1.000 1.000 1.000 1.000 1 1 1 1 1 1 1 1 1 1 1 1 1 1 1 1 1 1
15 0.000 0.000 0 1 0.000 0.000 0.000 1 1 1 0 0 0 0 0.000 -0.700 0 0 1.500 0.000 0 0.000 0.000 0.000 0.000 0.000 0.000 0.000 0.000 0.000 0.000 0.000 0.000 0.000 0.000 0.000 0.000 0.000 0.000 1.000 1.000 1.000 1.000 1.000 1.000 1.000 1.000 1.000 1.000 1.000 1.000 1.000 1.000 1.000 1.000 1.000 1.000 1 1 1 1 1 1 1 1 1 1 1 1 1 1 1 1 1 1
16 0.000 0.000 0 1 0.000 0.000 0.000 1 1 1 0 0 0 0 0.000 -0.700 0 0 1.500 0.000 0 0.000 0.000 0.000 0.000 0.000 0.000 0.000 0.000 0.000 0.000 0.000 0.000 0.000 0.000 0.000 0.000 0.000 0.000 1.000 1.000 1.000 1.000 1.000 1.000 1.000 1.000 1.000 1.000 1.000 1.000 1.000 1.000 1.000 1.000 1.000 1.000 1 1 1 1 1 1 1 1 1 1 1 1 1 1 1 1 1 1
