inputNames 1 GC
inputNames 2 CC
inputNames 3 OH
inputNames 4 Ordi_L
inputNames 5 Ordi_R
inputNames 6 Wurlitzer
inputNames 7 LoneKent_L
inputNames 8 LoneKent_R
inputNames 9 Gtr_1
inputNames 10 Gtr_2
inputNames 11 Gtr_3
inputNames 12 Gtr_4
inputNames 13 BeatBox_L
inputNames 14 BeatBox_R
inputNames 15 Cajon
inputNames 16 OrdiDavid_L
inputNames 17 OrdiDavid_R
inputNames 18 Sax
inputNames 19 Vx_Eric
inputNames 20 Vx_LoneKent
inputNames 21 Rvb_1
inputNames 22 Rvb_2
inputNames 23 input_23
inputNames 24 input_24
1 0.000 0.000 0 11 -0.000 1.443 4.076 1 1 1 0 0 0 37 0.000 -0.700 0 0 1.500 0.000 0 15.639 15.639 10.549 10.549 6.680 6.680 18.962 18.963 4.280 13.676 13.676 6.088 6.088 20.847 5.134 20.847 6.031 6.031 0.646 0.646 0.745 0.745 0.830 0.830 0.589 0.589 0.887 0.683 0.683 0.844 0.844 0.559 0.866 0.559 0.845 0.845 1 1 1 1 1 1 1 1 1 1 1 1 1 1 1 1 1 1
2 0.000 0.000 0 11 -0.000 1.443 4.076 1 1 1 0 0 0 37 0.000 -0.700 0 0 1.500 0.000 0 15.639 15.639 10.549 10.549 6.680 6.680 18.962 18.963 4.280 13.676 13.676 6.088 6.088 20.847 5.134 20.847 6.031 6.031 0.646 0.646 0.745 0.745 0.830 0.830 0.589 0.589 0.887 0.683 0.683 0.844 0.844 0.559 0.866 0.559 0.845 0.845 1 1 1 1 1 1 1 1 1 1 1 1 1 1 1 1 1 1
3 0.000 0.000 0 11 -0.000 1.443 4.076 1 1 1 0 0 0 37 0.000 -0.700 0 0 1.500 0.000 0 15.639 15.639 10.549 10.549 6.680 6.680 18.962 18.963 4.280 13.676 13.676 6.088 6.088 20.847 5.134 20.847 6.031 6.031 0.646 0.646 0.745 0.745 0.830 0.830 0.589 0.589 0.887 0.683 0.683 0.844 0.844 0.559 0.866 0.559 0.845 0.845 1 1 1 1 1 1 1 1 1 1 1 1 1 1 1 1 1 1
4 0.000 0.000 0 2 -4.207 1.478 2.065 1 1 1 1 0 0 34 0.000 -1.031 0 0 1.500 0.000 0 26.992 5.250 21.332 5.870 15.754 10.392 31.046 8.160 13.189 25.654 5.217 17.258 9.357 32.534 12.631 8.780 13.299 12.761 0.330 0.806 0.416 0.786 0.523 0.652 0.279 0.715 0.581 0.348 0.807 0.492 0.681 0.262 0.595 0.697 0.579 0.592 1 1 1 1 1 1 1 1 1 1 1 1 1 1 1 1 1 1
5 0.000 0.000 0 2 -4.207 1.478 2.065 1 1 1 0 0 0 34 0.000 -1.031 0 0 1.500 0.000 0 5.250 26.992 5.870 21.332 10.392 15.754 8.160 31.046 13.189 5.217 25.654 9.357 17.258 8.780 12.631 32.534 12.761 13.299 0.806 0.330 0.786 0.416 0.652 0.523 0.715 0.279 0.581 0.807 0.348 0.681 0.492 0.697 0.595 0.262 0.592 0.579 1 1 1 1 1 1 1 1 1 1 1 1 1 1 1 1 1 1
6 0.000 0.000 0 3 -2.334 3.570 1.377 1 1 1 0 0 0 39 0.000 -0.700 0 0 1.500 0.000 0 12.953 23.594 10.595 18.591 11.108 14.184 16.141 27.538 12.969 12.723 22.625 11.340 15.661 16.195 11.238 28.404 12.253 12.567 0.697 0.517 0.744 0.595 0.733 0.673 0.637 0.464 0.696 0.701 0.532 0.729 0.646 0.636 0.731 0.452 0.710 0.704 1 1 1 1 1 1 1 1 1 1 1 1 1 1 1 1 1 1
7 0.000 0.000 0 4 -3.423 5.144 1.486 1 1 1 0 0 0 40 0.000 -0.700 0 0 1.500 0.000 0 15.625 28.539 14.997 23.814 16.503 19.657 17.629 32.262 18.291 15.704 27.567 16.363 20.949 17.008 16.741 32.981 17.760 18.078 0.646 0.451 0.658 0.514 0.631 0.578 0.611 0.406 0.600 0.645 0.463 0.633 0.557 0.622 0.627 0.398 0.609 0.604 1 1 1 1 1 1 1 1 1 1 1 1 1 1 1 1 1 1
8 0.000 0.000 0 4 -3.423 5.144 1.486 1 1 1 0 0 0 40 0.000 -0.700 0 0 1.500 0.000 0 15.625 28.539 14.997 23.814 16.503 19.657 17.629 32.262 18.291 15.704 27.567 16.363 20.949 17.008 16.741 32.981 17.760 18.078 0.646 0.451 0.658 0.514 0.631 0.578 0.611 0.406 0.600 0.645 0.463 0.633 0.557 0.622 0.627 0.398 0.609 0.604 1 1 1 1 1 1 1 1 1 1 1 1 1 1 1 1 1 1
9 0.000 0.000 0 5 -4.307 7.579 2.572 1 1 1 0 0 0 39 0.000 -0.700 0 0 1.500 0.000 0 22.158 34.766 22.388 30.526 24.044 26.863 22.860 37.963 25.311 22.054 33.650 23.489 27.695 22.053 24.093 38.615 25.188 25.472 0.539 0.379 0.535 0.426 0.511 0.472 0.528 0.346 0.493 0.540 0.391 0.519 0.462 0.540 0.510 0.340 0.495 0.491 1 1 1 1 1 1 1 1 1 1 1 1 1 1 1 1 1 1
10 0.000 0.000 0 6 -1.666 7.638 2.536 1 1 1 0 0 0 38 0.000 -0.700 0 0 1.500 0.000 0 24.216 29.395 22.553 25.985 22.305 23.517 26.078 32.179 22.727 23.670 28.463 22.217 24.019 25.870 21.340 32.527 22.677 22.799 0.509 0.440 0.533 0.484 0.536 0.519 0.483 0.407 0.530 0.516 0.452 0.538 0.511 0.486 0.551 0.403 0.531 0.529 1 1 1 1 1 1 1 1 1 1 1 1 1 1 1 1 1 1
11 0.000 0.000 0 7 1.424 7.527 2.518 1 1 1 0 0 0 38 0.000 -0.700 0 0 1.500 0.000 0 28.695 24.212 25.351 22.369 22.991 21.935 31.454 26.187 22.278 27.781 23.628 23.466 21.897 31.783 20.878 26.040 22.338 22.231 0.449 0.509 0.493 0.536 0.526 0.542 0.416 0.481 0.537 0.460 0.517 0.519 0.543 0.412 0.558 0.483 0.536 0.538 1 1 1 1 1 1 1 1 1 1 1 1 1 1 1 1 1 1
12 0.000 0.000 0 8 4.415 7.245 2.500 1 1 1 0 0 0 38 0.000 -0.700 0 0 1.500 0.000 0 34.399 21.157 30.048 21.482 26.250 23.280 37.673 21.854 24.641 33.271 21.091 27.134 22.706 38.368 23.429 21.028 24.792 24.493 0.383 0.554 0.432 0.549 0.481 0.522 0.349 0.543 0.503 0.395 0.555 0.469 0.530 0.343 0.520 0.556 0.500 0.505 1 1 1 1 1 1 1 1 1 1 1 1 1 1 1 1 1 1
13 0.000 0.000 0 9 1.677 4.651 1.993 1 1 1 0 0 0 39 0.000 -1.101 0 0 1.500 0.000 0 23.594 16.650 19.170 14.136 15.650 13.750 27.114 19.430 14.666 22.573 16.064 16.606 13.854 27.854 13.115 19.612 14.544 14.351 0.355 0.481 0.431 0.537 0.503 0.547 0.304 0.426 0.525 0.371 0.494 0.482 0.544 0.294 0.562 0.422 0.528 0.532 1 1 1 1 1 1 1 1 1 1 1 1 1 1 1 1 1 1
14 0.000 0.000 0 9 1.677 4.651 1.993 1 1 1 1 0 0 39 0.000 -1.101 0 0 1.500 0.000 0 16.650 23.594 14.136 19.170 13.750 15.650 19.430 27.114 14.666 16.064 22.573 13.854 16.606 19.612 13.115 27.854 14.351 14.544 0.481 0.355 0.537 0.431 0.547 0.503 0.426 0.304 0.525 0.494 0.371 0.544 0.482 0.422 0.562 0.294 0.532 0.528 1 1 1 1 1 1 1 1 1 1 1 1 1 1 1 1 1 1
15 0.000 0.000 0 11 -0.000 1.443 4.076 1 1 1 0 0 0 37 0.000 -0.700 0 0 1.500 0.000 0 15.639 15.639 10.549 10.549 6.680 6.680 18.962 18.963 4.280 13.676 13.676 6.088 6.088 20.847 5.134 20.847 6.031 6.031 0.646 0.646 0.745 0.745 0.830 0.830 0.589 0.589 0.887 0.683 0.683 0.844 0.844 0.559 0.866 0.559 0.845 0.845 1 1 1 1 1 1 1 1 1 1 1 1 1 1 1 1 1 1
16 0.000 0.000 0 10 3.323 2.383 1.232 1 1 1 0 0 0 39 0.000 -1.101 0 0 2.900 -4.000 0 25.028 8.527 19.554 7.081 14.317 9.707 29.201 12.000 12.534 23.979 8.756 16.090 9.633 30.320 11.113 12.007 12.120 11.654 0.333 0.688 0.424 0.733 0.533 0.653 0.277 0.590 0.577 0.349 0.681 0.493 0.655 0.264 0.614 0.590 0.587 0.599 1 1 1 1 1 1 1 1 1 1 1 1 1 1 1 1 1 1
17 0.000 0.000 0 10 3.323 2.383 1.232 1 1 1 0 0 0 39 0.000 -1.101 0 0 3.000 -5.000 0 25.028 8.527 19.554 7.081 14.317 9.707 29.201 12.000 12.534 23.979 8.756 16.090 9.633 30.320 11.113 12.007 12.120 11.654 0.333 0.688 0.424 0.733 0.533 0.653 0.277 0.590 0.577 0.349 0.681 0.493 0.655 0.264 0.614 0.590 0.587 0.599 1 1 1 1 1 1 1 1 1 1 1 1 1 1 1 1 1 1
18 0.000 0.000 0 10 3.323 2.383 1.232 1 1 1 0 0 0 39 0.000 -1.101 0 0 3.000 -5.000 0 25.028 8.527 19.554 7.081 14.317 9.707 29.201 12.000 12.534 23.979 8.756 16.090 9.633 30.320 11.113 12.007 12.120 11.654 0.333 0.688 0.424 0.733 0.533 0.653 0.277 0.590 0.577 0.349 0.681 0.493 0.655 0.264 0.614 0.590 0.587 0.599 1 1 1 1 1 1 1 1 1 1 1 1 1 1 1 1 1 1
19 0.000 0.000 0 11 -0.000 1.443 4.076 1 1 1 0 0 0 37 0.000 -0.700 0 0 1.500 0.000 0 15.639 15.639 10.549 10.549 6.680 6.680 18.962 18.963 4.280 13.676 13.676 6.088 6.088 20.847 5.134 20.847 6.031 6.031 0.646 0.646 0.745 0.745 0.830 0.830 0.589 0.589 0.887 0.683 0.683 0.844 0.844 0.559 0.866 0.559 0.845 0.845 1 1 1 1 1 1 1 1 1 1 1 1 1 1 1 1 1 1
20 0.000 0.000 0 4 -3.423 5.144 1.486 1 1 1 0 0 0 40 0.000 -0.700 0 0 1.500 0.000 0 15.625 28.539 14.997 23.814 16.503 19.657 17.629 32.262 18.291 15.704 27.567 16.363 20.949 17.008 16.741 32.981 17.760 18.078 0.646 0.451 0.658 0.514 0.631 0.578 0.611 0.406 0.600 0.645 0.463 0.633 0.557 0.622 0.627 0.398 0.609 0.604 1 1 1 1 1 1 1 1 1 1 1 1 1 1 1 1 1 1
21 0.000 0.000 0 1 0.000 10.000 0.000 0 0 0 0 0 0 0 0.000 -1.000 0 0 1.500 0.000 0 14.432 14.432 8.659 8.659 2.886 2.886 18.473 18.473 0.000 12.989 12.989 4.330 4.330 20.256 1.443 20.256 0.289 0.289 0.668 0.668 0.785 0.785 0.923 0.923 0.597 0.597 1.000 0.696 0.696 0.886 0.886 0.568 0.961 0.568 0.992 0.992 1 1 1 1 1 1 1 1 1 1 1 1 1 1 1 1 1 1
22 0.000 0.000 0 1 0.000 10.000 0.000 0 0 0 0 0 0 0 0.000 -1.000 0 0 1.500 0.000 0 14.432 14.432 8.659 8.659 2.886 2.886 18.473 18.473 0.000 12.989 12.989 4.330 4.330 20.256 1.443 20.256 0.289 0.289 0.668 0.668 0.785 0.785 0.923 0.923 0.597 0.597 1.000 0.696 0.696 0.886 0.886 0.568 0.961 0.568 0.992 0.992 1 1 1 1 1 1 1 1 1 1 1 1 1 1 1 1 1 1
23 0.000 0.000 0 1 0.000 8.000 0.000 1 1 1 0 0 0 0 0.000 0.000 0 0 1.500 0.000 0 27.230 27.230 24.662 24.662 23.271 23.271 29.571 29.571 23.091 26.494 26.494 23.494 23.494 29.612 21.648 29.612 23.093 23.093 1.000 1.000 1.000 1.000 1.000 1.000 1.000 1.000 1.000 1.000 1.000 1.000 1.000 1.000 1.000 1.000 1.000 1.000 1 1 1 1 1 1 1 1 1 1 1 1 1 1 1 1 1 1
24 0.000 0.000 0 1 0.000 8.000 0.000 1 1 1 0 0 0 0 0.000 -0.000 0 0 1.500 0.000 0 27.230 27.230 24.662 24.662 23.271 23.271 29.571 29.571 23.091 26.494 26.494 23.494 23.494 29.612 21.648 29.612 23.093 23.093 1.000 1.000 1.000 1.000 1.000 1.000 1.000 1.000 1.000 1.000 1.000 1.000 1.000 1.000 1.000 1.000 1.000 1.000 1 1 1 1 1 1 1 1 1 1 1 1 1 1 1 1 1 1
