inputNames 1 Cuivre_L
inputNames 2 Cuivre_R
inputNames 3 Batterie_L
inputNames 4 Batterie_R
inputNames 5 Grosse_Caisse
inputNames 6 Caisse_claire
inputNames 7 Soubassophon
inputNames 8 Percu_L
inputNames 9 Percu_R
inputNames 10 GC_percu
inputNames 11 Piano_L
inputNames 12 Piano_R
inputNames 13 Reverb_1
inputNames 14 Reverb_2
inputNames 15 input_15
inputNames 16 input_16
1 0.000 0.000 0 2 -4.575 5.448 4.000 1 1 1 0 0 0 30 6.000 -0.700 0 0 1.500 0.000 0 29.472 7.318 23.922 9.124 18.510 13.402 33.233 7.821 15.541 27.875 6.594 19.558 11.748 34.857 15.371 8.602 16.156 15.643 0.439 0.815 0.513 0.775 0.596 0.688 0.395 0.804 0.648 0.459 0.832 0.579 0.720 0.378 0.651 0.786 0.637 0.646 1 1 1 1 1 1 1 1 1 1 1 1 1 1 1 1 1 1
2 0.000 0.000 0 2 -4.575 5.448 4.000 1 1 1 0 0 0 30 0.000 -0.700 0 0 1.500 0.000 0 16.149 31.986 16.732 27.154 19.125 22.765 16.607 35.377 20.553 15.751 30.564 18.078 23.569 16.278 19.758 36.500 20.643 21.009 0.637 0.409 0.627 0.469 0.586 0.530 0.629 0.372 0.563 0.644 0.426 0.604 0.518 0.635 0.576 0.361 0.562 0.556 1 1 1 1 1 1 1 1 1 1 1 1 1 1 1 1 1 1
3 0.000 0.000 0 3 -2.615 7.814 1.200 1 1 1 0 0 0 30 0.000 -0.700 0 0 1.500 0.000 0 14.432 14.432 8.659 8.659 2.886 2.886 18.974 18.974 4.330 13.691 13.691 6.123 6.123 20.256 1.443 20.256 0.289 0.289 0.668 0.668 0.785 0.785 0.923 0.923 0.597 0.597 1.000 0.696 0.696 0.886 0.886 0.568 0.961 0.568 0.992 0.992 1 1 1 1 1 1 1 1 1 1 1 1 1 1 1 1 1 1
4 0.000 0.000 0 3 -2.615 7.814 1.200 1 1 1 0 0 0 30 0.000 -0.700 0 0 1.500 0.000 0 14.432 14.432 8.659 8.659 2.886 2.886 18.974 18.974 4.330 13.691 13.691 6.123 6.123 20.256 1.443 20.256 0.289 0.289 0.668 0.668 0.785 0.785 0.923 0.923 0.589 0.589 0.886 0.682 0.682 0.843 0.843 0.568 0.961 0.568 0.992 0.992 1 1 1 1 1 1 1 1 1 1 1 1 1 1 1 1 1 1
5 0.000 0.000 0 3 -2.615 7.814 1.200 1 1 1 0 0 0 30 0.000 -0.700 0 0 1.500 0.000 0 14.432 14.432 8.659 8.659 2.886 2.886 18.974 18.974 4.330 13.691 13.691 6.123 6.123 20.256 1.443 20.256 0.289 0.289 0.668 0.668 0.785 0.785 0.923 0.923 0.589 0.589 0.886 0.682 0.682 0.843 0.843 0.568 0.961 0.568 0.992 0.992 1 1 1 1 1 1 1 1 1 1 1 1 1 1 1 1 1 1
6 0.000 0.000 0 3 -2.615 7.814 1.200 1 1 1 0 0 0 30 0.000 -0.700 0 0 1.500 0.000 0 14.432 14.432 8.659 8.659 2.886 2.886 18.974 18.974 4.330 13.691 13.691 6.123 6.123 20.256 1.443 20.256 0.289 0.289 0.668 0.668 0.785 0.785 0.923 0.923 0.589 0.589 0.886 0.682 0.682 0.843 0.843 0.568 0.961 0.568 0.992 0.992 1 1 1 1 1 1 1 1 1 1 1 1 1 1 1 1 1 1
7 0.000 0.000 0 4 1.640 7.955 1.200 1 1 1 0 0 0 30 0.000 -0.700 0 0 1.500 0.000 0 14.432 14.432 8.659 8.659 2.886 2.886 18.974 18.974 4.330 13.691 13.691 6.123 6.123 20.256 1.443 20.256 0.289 0.289 0.668 0.668 0.785 0.785 0.923 0.923 0.589 0.589 0.886 0.682 0.682 0.843 0.843 0.568 0.961 0.568 0.992 0.992 1 1 1 1 1 1 1 1 1 1 1 1 1 1 1 1 1 1
8 0.000 0.000 0 5 3.630 7.992 1.200 1 1 1 0 0 0 30 0.000 -0.700 0 0 1.500 0.000 0 14.432 14.432 8.659 8.659 2.886 2.886 18.974 18.974 4.330 13.691 13.691 6.123 6.123 20.256 1.443 20.256 0.289 0.289 0.668 0.668 0.785 0.785 0.923 0.923 0.597 0.597 1.000 0.696 0.696 0.886 0.886 0.568 0.961 0.568 0.992 0.992 1 1 1 1 1 1 1 1 1 1 1 1 1 1 1 1 1 1
9 0.000 0.000 0 5 3.630 7.992 1.200 1 1 1 0 0 0 30 0.000 -0.700 0 0 1.500 0.000 0 14.432 14.432 8.659 8.659 2.886 2.886 18.974 18.974 4.330 13.691 13.691 6.123 6.123 20.256 1.443 20.256 0.289 0.289 0.668 0.668 0.785 0.785 0.923 0.923 0.589 0.589 0.886 0.682 0.682 0.843 0.843 0.568 0.961 0.568 0.992 0.992 1 1 1 1 1 1 1 1 1 1 1 1 1 1 1 1 1 1
10 0.000 0.000 0 5 3.630 7.992 1.200 1 1 1 0 0 0 30 0.000 -0.700 0 0 1.500 0.000 0 14.432 14.432 8.659 8.659 2.886 2.886 18.974 18.974 4.330 13.691 13.691 6.123 6.123 20.256 1.443 20.256 0.289 0.289 0.668 0.668 0.785 0.785 0.923 0.923 0.589 0.589 0.886 0.682 0.682 0.843 0.843 0.568 0.961 0.568 0.992 0.992 1 1 1 1 1 1 1 1 1 1 1 1 1 1 1 1 1 1
11 0.000 0.000 0 6 6.013 7.737 1.200 1 1 1 0 0 0 30 0.000 -0.700 0 0 1.500 0.000 0 14.432 14.432 8.659 8.659 2.886 2.886 18.974 18.974 4.330 13.691 13.691 6.123 6.123 20.256 1.443 20.256 0.289 0.289 0.668 0.668 0.785 0.785 0.923 0.923 0.597 0.597 1.000 0.696 0.696 0.886 0.886 0.568 0.961 0.568 0.992 0.992 1 1 1 1 1 1 1 1 1 1 1 1 1 1 1 1 1 1
12 0.000 0.000 0 6 6.013 7.737 1.200 1 1 1 0 0 0 30 0.000 -0.700 0 0 1.500 0.000 0 14.432 14.432 8.659 8.659 2.886 2.886 18.974 18.974 4.330 13.691 13.691 6.123 6.123 20.256 1.443 20.256 0.289 0.289 0.668 0.668 0.785 0.785 0.923 0.923 0.589 0.589 0.886 0.682 0.682 0.843 0.843 0.568 0.961 0.568 0.992 0.992 1 1 1 1 1 1 1 1 1 1 1 1 1 1 1 1 1 1
13 0.000 0.000 0 7 -0.073 0.735 1.200 1 1 1 0 0 0 30 0.000 -0.700 0 0 1.500 0.000 0 14.432 14.432 8.659 8.659 2.886 2.886 18.974 18.974 4.330 13.691 13.691 6.123 6.123 20.256 1.443 20.256 0.289 0.289 0.668 0.668 0.785 0.785 0.923 0.923 0.589 0.589 0.886 0.682 0.682 0.843 0.843 0.568 0.961 0.568 0.992 0.992 1 1 1 1 1 1 1 1 1 1 1 1 1 1 1 1 1 1
14 0.000 0.000 0 8 0.039 1.999 3.000 1 1 1 0 0 0 50 0.000 -0.700 0 0 1.500 0.000 0 14.432 14.432 8.659 8.659 2.886 2.886 19.832 19.832 7.216 14.859 14.859 8.415 8.415 20.256 1.443 20.256 0.289 0.289 0.668 0.668 0.785 0.785 0.923 0.923 0.575 0.575 0.818 0.660 0.660 0.791 0.791 0.568 0.961 0.568 0.992 0.992 1 1 1 1 1 1 1 1 1 1 1 1 1 1 1 1 1 1
15 0.000 0.000 0 1 0.000 0.000 0.000 1 1 1 0 0 0 0 0.000 -0.700 0 0 1.500 0.000 0 14.432 14.432 8.659 8.659 2.886 2.886 18.473 18.473 0.000 12.989 12.989 4.330 4.330 20.256 1.443 20.256 0.289 0.289 0.668 0.668 0.785 0.785 0.923 0.923 0.597 0.597 1.000 0.696 0.696 0.886 0.886 0.568 0.961 0.568 0.992 0.992 1 1 1 1 1 1 1 1 1 1 1 1 1 1 1 1 1 1
16 0.000 0.000 0 1 0.000 0.000 0.000 1 1 1 0 0 0 0 0.000 -0.700 0 0 1.500 0.000 0 14.432 14.432 8.659 8.659 2.886 2.886 18.473 18.473 0.000 12.989 12.989 4.330 4.330 20.256 1.443 20.256 0.289 0.289 0.668 0.668 0.785 0.785 0.923 0.923 0.597 0.597 1.000 0.696 0.696 0.886 0.886 0.568 0.961 0.568 0.992 0.992 1 1 1 1 1 1 1 1 1 1 1 1 1 1 1 1 1 1
