inputNames 1 Cuivre_L
inputNames 2 Cuivre_R
inputNames 3 Batterie_L
inputNames 4 Batterie_R
inputNames 5 Grosse_Caisse
inputNames 6 Caisse_claire
inputNames 7 Soubassophon
inputNames 8 Percu_L
inputNames 9 Percu_R
inputNames 10 GC_percu
inputNames 11 Piano_L
inputNames 12 Piano_R
inputNames 13 Reverb_1
inputNames 14 Reverb_2
inputNames 15 input_15
inputNames 16 input_16
1 0.000 0.000 0 1 6.000 8.000 1.200 1 1 1 0 0 0 30 0 -0.700 0 0 1.500 0.000 0 39.273 23.294 34.773 24.683 30.701 27.250 42.721 23.353 29.051 38.244 23.723 31.823 25.459 43.333 27.743 23.294 29.057 28.711 0.334 0.522 0.379 0.502 0.424 0.467 0.303 0.521 0.444 0.344 0.516 0.411 0.491 0.298 0.461 0.522 0.444 0.449 1 1 1 1 1 1 1 1 1 1 1 1 1 1 1 1 1 1
2 0.000 0.000 0 1 6.000 8.000 1.200 1 1 1 0 0 0 30 0 -0.700 0 0 1.500 0.000 0 21.864 29.057 28.711 39.273 23.294 34.773 24.683 30.701 27.250 42.721 23.353 29.051 38.244 23.723 31.823 26.697 43.333 27.743 0.543 0.444 0.449 0.334 0.522 0.379 0.502 0.424 0.467 0.303 0.521 0.444 0.344 0.516 0.411 0.475 0.298 0.461 1 1 1 1 1 1 1 1 1 1 1 1 1 1 1 1 1 1
3 0.000 0.000 0 1 6.000 8.000 1.200 1 1 1 0 0 0 30 0 -0.700 0 0 1.500 0.000 0 31.823 25.267 43.333 27.743 23.294 29.057 28.711 39.273 23.294 34.773 24.683 30.701 27.429 42.721 23.353 29.051 38.244 23.723 0.411 0.494 0.298 0.461 0.522 0.444 0.449 0.334 0.522 0.379 0.502 0.424 0.465 0.303 0.521 0.444 0.344 0.516 1 1 1 1 1 1 1 1 1 1 1 1 1 1 1 1 1 1
4 0.000 0.000 0 1 6.000 8.000 1.200 1 1 1 0 0 0 30 0 -0.700 0 0 1.500 0.000 0 21.864 29.057 28.711 39.273 23.294 34.773 24.683 30.701 27.250 42.721 23.353 29.051 38.244 23.723 31.823 26.697 43.333 27.743 0.543 0.444 0.449 0.334 0.522 0.379 0.502 0.424 0.467 0.303 0.521 0.444 0.344 0.516 0.411 0.475 0.298 0.461 1 1 1 1 1 1 1 1 1 1 1 1 1 1 1 1 1 1
5 0.000 0.000 0 1 6.000 8.000 1.200 1 1 1 0 0 0 30 0 -0.700 0 0 1.500 0.000 0 21.864 29.057 28.711 39.273 23.294 34.773 24.683 30.701 27.250 42.721 23.353 29.051 38.244 23.723 31.823 26.697 43.333 27.743 0.543 0.444 0.449 0.334 0.522 0.379 0.502 0.424 0.467 0.303 0.521 0.444 0.344 0.516 0.411 0.475 0.298 0.461 1 1 1 1 1 1 1 1 1 1 1 1 1 1 1 1 1 1
6 0.000 0.000 0 1 6.000 8.000 1.200 1 1 1 0 0 0 30 0 -0.700 0 0 1.500 0.000 0 21.864 29.057 28.711 39.273 23.294 34.773 24.683 30.701 27.250 42.721 23.353 29.051 38.244 23.723 31.823 26.697 43.333 27.743 0.543 0.444 0.449 0.334 0.522 0.379 0.502 0.424 0.467 0.303 0.521 0.444 0.344 0.516 0.411 0.475 0.298 0.461 1 1 1 1 1 1 1 1 1 1 1 1 1 1 1 1 1 1
7 0.000 0.000 0 1 6.000 8.000 1.200 1 1 1 0 0 0 30 0 -0.700 0 0 1.500 0.000 0 29.051 38.244 23.517 30.633 25.267 43.333 28.883 23.294 29.057 28.711 39.273 23.294 34.773 24.880 30.859 27.429 42.721 23.353 0.444 0.344 0.519 0.425 0.494 0.298 0.446 0.522 0.444 0.449 0.334 0.522 0.379 0.499 0.422 0.465 0.303 0.521 1 1 1 1 1 1 1 1 1 1 1 1 1 1 1 1 1 1
8 0.000 0.000 0 1 6.000 8.000 1.200 1 1 1 0 0 0 30 0 -0.700 0 0 1.500 0.000 0 29.057 28.711 39.273 23.294 34.773 24.683 30.701 27.250 42.721 23.353 29.051 38.244 23.723 31.823 26.697 43.333 27.743 21.864 0.444 0.449 0.334 0.522 0.379 0.502 0.424 0.467 0.303 0.521 0.444 0.344 0.516 0.411 0.475 0.298 0.461 0.543 1 1 1 1 1 1 1 1 1 1 1 1 1 1 1 1 1 1
9 0.000 0.000 0 1 6.000 8.000 1.200 1 1 1 0 0 0 30 0 -0.700 0 0 1.500 0.000 0 27.924 28.711 39.273 23.294 34.773 24.683 30.701 27.250 42.607 23.144 29.051 38.244 23.723 31.823 26.697 44.182 27.918 21.864 0.459 0.449 0.334 0.522 0.379 0.502 0.424 0.467 0.304 0.524 0.444 0.344 0.516 0.411 0.475 0.291 0.459 0.543 1 1 1 1 1 1 1 1 1 1 1 1 1 1 1 1 1 1
10 0.000 0.000 0 1 6.000 8.000 1.200 1 1 1 0 0 0 30 0 -0.700 0 0 1.500 0.000 0 21.864 29.057 28.711 39.273 23.294 34.773 24.683 30.701 27.250 42.721 23.353 29.051 38.244 23.723 31.823 26.697 43.333 27.743 0.543 0.444 0.449 0.334 0.522 0.379 0.502 0.424 0.467 0.303 0.521 0.444 0.344 0.516 0.411 0.475 0.298 0.461 1 1 1 1 1 1 1 1 1 1 1 1 1 1 1 1 1 1
11 0.000 0.000 0 1 6.000 8.000 1.200 1 1 1 0 0 0 30 0 -0.700 0 0 1.500 0.000 0 21.864 29.057 28.711 39.273 23.294 34.773 24.683 30.701 27.250 42.721 23.353 29.051 38.244 23.723 31.823 26.697 43.333 27.743 0.543 0.444 0.449 0.334 0.522 0.379 0.502 0.424 0.467 0.303 0.521 0.444 0.344 0.516 0.411 0.475 0.298 0.461 1 1 1 1 1 1 1 1 1 1 1 1 1 1 1 1 1 1
12 0.000 0.000 0 1 6.000 8.000 1.200 1 1 1 0 0 0 30 0 -0.700 0 0 1.500 0.000 0 27.743 21.864 29.057 28.711 39.273 23.294 34.773 24.683 30.701 27.429 42.721 23.353 29.051 38.244 23.723 31.823 26.514 43.333 0.461 0.543 0.444 0.449 0.334 0.522 0.379 0.502 0.424 0.465 0.303 0.521 0.444 0.344 0.516 0.411 0.477 0.298 1 1 1 1 1 1 1 1 1 1 1 1 1 1 1 1 1 1
13 0.000 0.000 0 1 0.000 4.000 1.200 1 1 1 0 0 0 30 0 -0.700 0 0 1.500 0.000 0 18.511 18.511 14.469 14.469 11.946 11.946 22.031 22.031 12.005 17.687 17.687 12.762 12.762 22.614 10.156 22.614 11.596 11.596 0.596 0.596 0.668 0.668 0.716 0.716 0.541 0.541 0.715 0.610 0.610 0.700 0.700 0.532 0.753 0.532 0.723 0.723 1 1 1 1 1 1 1 1 1 1 1 1 1 1 1 1 1 1
14 0.000 0.000 0 1 0.000 8.000 3.000 1 1 1 0 0 0 50 0 -0.700 0 0 1.500 0.000 0 27.572 27.572 25.039 25.039 23.670 23.670 29.712 29.712 23.271 26.651 26.651 23.670 23.670 29.927 22.077 29.927 23.496 23.496 0.463 0.463 0.497 0.497 0.516 0.516 0.436 0.436 0.522 0.475 0.475 0.516 0.516 0.434 0.540 0.434 0.519 0.519 1 1 1 1 1 1 1 1 1 1 1 1 1 1 1 1 1 1
15 0.000 0.000 0 1 0.000 0.000 0.000 1 1 1 0 0 0 0 0 -0.700 0 0 1.500 0.000 0 14.432 14.432 8.659 8.659 2.886 2.886 18.473 18.473 0.000 12.989 12.989 4.330 4.330 20.256 1.443 20.256 0.289 0.289 0.668 0.668 0.785 0.785 0.923 0.923 0.597 0.597 1.000 0.696 0.696 0.886 0.886 0.568 0.961 0.568 0.992 0.992 1 1 1 1 1 1 1 1 1 1 1 1 1 1 1 1 1 1
16 0.000 0.000 0 1 0.000 0.000 0.000 1 1 1 0 0 0 0 0 -0.700 0 0 1.500 0.000 0 14.432 14.432 8.659 8.659 2.886 2.886 18.473 18.473 0.000 12.989 12.989 4.330 4.330 20.256 1.443 20.256 0.289 0.289 0.668 0.668 0.785 0.785 0.923 0.923 0.597 0.597 1.000 0.696 0.696 0.886 0.886 0.568 0.961 0.568 0.992 0.992 1 1 1 1 1 1 1 1 1 1 1 1 1 1 1 1 1 1
