inputNames 1 Cuivre_L
inputNames 2 Cuivre_R
inputNames 3 Batterie_L
inputNames 4 Batterie_R
inputNames 5 Grosse_Caisse
inputNames 6 Caisse_claire
inputNames 7 Soubassophon
inputNames 8 Percu_L
inputNames 9 Percu_R
inputNames 10 GC_percu
inputNames 11 Piano_L
inputNames 12 Piano_R
inputNames 13 Reverb_1
inputNames 14 Reverb_2
inputNames 15 input_15
inputNames 16 input_16
1 0.000 0.000 0 2 -5.402 7.590 1.200 1 1 1 0 0 0 30 0 -0.700 0 0 1.500 0.000 0 21.962 37.182 23.001 32.698 25.346 28.679 22.339 40.635 27.090 22.305 36.161 24.851 29.793 21.003 25.748 41.247 26.743 27.078 0.542 0.354 0.526 0.401 0.493 0.449 0.536 0.322 0.469 0.536 0.364 0.500 0.435 0.556 0.487 0.316 0.474 0.470 1 1 1 1 1 1 1 1 1 1 1 1 1 1 1 1 1 1
2 0.000 0.000 0 2 -5.402 7.590 1.200 1 1 1 0 0 0 30 0 -0.700 0 0 1.500 0.000 0 21.962 37.182 23.001 32.698 25.346 28.679 22.339 40.635 27.090 22.305 36.161 24.851 29.793 21.003 25.748 41.247 26.743 27.078 0.542 0.354 0.526 0.401 0.493 0.449 0.536 0.322 0.469 0.536 0.364 0.500 0.435 0.556 0.487 0.316 0.474 0.470 1 1 1 1 1 1 1 1 1 1 1 1 1 1 1 1 1 1
3 0.000 0.000 0 3 -2.615 7.814 1.200 1 1 1 0 0 0 30 0 -0.700 0 0 1.500 0.000 0 23.605 31.510 22.606 27.793 23.055 24.873 25.277 34.592 24.010 23.434 30.680 23.019 25.702 24.637 22.444 34.885 23.717 23.900 0.517 0.415 0.532 0.460 0.525 0.499 0.494 0.381 0.512 0.520 0.425 0.526 0.488 0.503 0.534 0.378 0.516 0.513 1 1 1 1 1 1 1 1 1 1 1 1 1 1 1 1 1 1
4 0.000 0.000 0 3 -2.615 7.814 1.200 1 1 1 0 0 0 30 0 -0.700 0 0 1.500 0.000 0 23.605 31.510 22.606 27.793 23.055 24.873 25.277 34.592 24.010 23.434 30.680 23.019 25.702 24.637 22.444 34.885 23.717 23.900 0.517 0.415 0.532 0.460 0.525 0.499 0.494 0.381 0.512 0.520 0.425 0.526 0.488 0.503 0.534 0.378 0.516 0.513 1 1 1 1 1 1 1 1 1 1 1 1 1 1 1 1 1 1
5 0.000 0.000 0 3 -2.615 7.814 1.200 1 1 1 0 0 0 30 0 -0.700 0 0 1.500 0.000 0 23.605 31.510 22.606 27.793 23.055 24.873 25.277 34.592 24.010 23.434 30.680 23.019 25.702 24.637 22.444 34.885 23.717 23.900 0.517 0.415 0.532 0.460 0.525 0.499 0.494 0.381 0.512 0.520 0.425 0.526 0.488 0.503 0.534 0.378 0.516 0.513 1 1 1 1 1 1 1 1 1 1 1 1 1 1 1 1 1 1
6 0.000 0.000 0 3 -2.615 7.814 1.200 1 1 1 0 0 0 30 0 -0.700 0 0 1.500 0.000 0 23.605 31.510 22.606 27.793 23.055 24.873 25.277 34.592 24.010 23.434 30.680 23.019 25.702 24.637 22.444 34.885 23.717 23.900 0.517 0.415 0.532 0.460 0.525 0.499 0.494 0.381 0.512 0.520 0.425 0.526 0.488 0.503 0.534 0.378 0.516 0.513 1 1 1 1 1 1 1 1 1 1 1 1 1 1 1 1 1 1
7 0.000 0.000 0 4 1.640 7.955 1.200 1 1 1 0 0 0 30 0 -0.700 0 0 1.500 0.000 0 29.925 24.943 26.600 23.314 24.212 23.055 32.810 26.955 23.671 29.190 24.617 24.901 23.196 32.954 22.054 26.519 23.524 23.407 0.434 0.498 0.476 0.522 0.509 0.525 0.400 0.471 0.516 0.443 0.503 0.499 0.523 0.398 0.540 0.477 0.519 0.520 1 1 1 1 1 1 1 1 1 1 1 1 1 1 1 1 1 1
8 0.000 0.000 0 5 3.630 7.992 1.200 1 1 1 0 0 0 30 0 -0.700 0 0 1.500 0.000 0 33.968 23.429 29.992 23.164 26.681 24.308 37.164 24.636 25.550 33.071 23.437 27.610 24.100 37.553 24.053 23.735 25.479 25.241 0.387 0.520 0.433 0.524 0.475 0.507 0.354 0.503 0.490 0.397 0.520 0.463 0.510 0.350 0.511 0.515 0.491 0.494 1 1 1 1 1 1 1 1 1 1 1 1 1 1 1 1 1 1
9 0.000 0.000 0 5 3.630 7.992 1.200 1 1 1 0 0 0 30 0 -0.700 0 0 1.500 0.000 0 33.968 23.429 29.992 23.164 26.681 24.308 37.164 24.636 25.550 33.071 23.437 27.610 24.100 37.553 24.053 23.735 25.479 25.241 0.387 0.520 0.433 0.524 0.475 0.507 0.354 0.503 0.490 0.397 0.520 0.463 0.510 0.350 0.511 0.515 0.491 0.494 1 1 1 1 1 1 1 1 1 1 1 1 1 1 1 1 1 1
10 0.000 0.000 0 5 3.630 7.992 1.200 1 1 1 0 0 0 30 0 -0.700 0 0 1.500 0.000 0 33.968 23.429 29.992 23.164 26.681 24.308 37.164 24.636 25.550 33.071 23.437 27.610 24.100 37.553 24.053 23.735 25.479 25.241 0.387 0.520 0.433 0.524 0.475 0.507 0.354 0.503 0.490 0.397 0.520 0.463 0.510 0.350 0.511 0.515 0.491 0.494 1 1 1 1 1 1 1 1 1 1 1 1 1 1 1 1 1 1
11 0.000 0.000 0 6 6.013 7.737 1.200 1 1 1 0 0 0 30 0 -0.700 0 0 1.500 0.000 0 38.863 22.548 34.302 23.989 30.160 26.631 42.348 22.602 28.475 37.821 22.993 31.303 26.063 42.992 27.179 21.109 28.481 28.127 0.338 0.533 0.384 0.512 0.431 0.475 0.307 0.532 0.452 0.348 0.526 0.417 0.483 0.301 0.468 0.555 0.451 0.456 1 1 1 1 1 1 1 1 1 1 1 1 1 1 1 1 1 1
12 0.000 0.000 0 6 6.013 7.737 1.200 1 1 1 0 0 0 30 0 -0.700 0 0 1.500 0.000 0 38.863 22.548 34.302 23.989 30.160 26.631 42.348 22.602 28.475 37.821 22.993 31.303 26.063 42.992 27.179 21.109 28.481 28.127 0.338 0.533 0.384 0.512 0.431 0.475 0.307 0.532 0.452 0.348 0.526 0.417 0.483 0.301 0.468 0.555 0.451 0.456 1 1 1 1 1 1 1 1 1 1 1 1 1 1 1 1 1 1
13 0.000 0.000 0 7 -0.073 0.735 1.200 1 1 1 0 0 0 30 0 -0.700 0 0 1.500 0.000 0 14.413 14.833 8.768 9.179 3.562 3.892 18.674 19.091 3.916 13.361 13.769 5.678 5.994 20.030 1.254 20.455 2.356 2.407 0.669 0.661 0.783 0.774 0.905 0.897 0.594 0.587 0.896 0.689 0.681 0.853 0.846 0.572 0.966 0.565 0.936 0.935 1 1 1 1 1 1 1 1 1 1 1 1 1 1 1 1 1 1
14 0.000 0.000 0 8 0.039 1.999 3.000 1 1 1 0 0 0 50 0 -0.700 0 0 1.500 0.000 0 16.232 16.036 11.354 11.186 7.810 7.729 19.671 19.463 6.451 14.601 14.404 7.831 7.708 21.217 6.121 21.006 7.224 7.215 0.636 0.639 0.728 0.732 0.804 0.806 0.577 0.581 0.835 0.665 0.669 0.804 0.806 0.553 0.843 0.556 0.817 0.818 1 1 1 1 1 1 1 1 1 1 1 1 1 1 1 1 1 1
15 0.000 0.000 0 1 0.000 0.000 0.000 1 1 1 0 0 0 0 0 -0.700 0 0 1.500 0.000 0 40.167 18.656 35.029 21.629 30.121 25.578 43.961 17.688 27.954 38.982 19.512 31.464 24.706 44.937 26.931 15.741 28.021 27.566 0.326 0.594 0.376 0.547 0.431 0.490 0.293 0.610 0.458 0.337 0.580 0.415 0.502 0.285 0.471 0.644 0.457 0.463 1 1 1 1 1 1 1 1 1 1 1 1 1 1 1 1 1 1
16 0.000 0.000 0 1 0.000 0.000 0.000 1 1 1 0 0 0 0 0 -0.700 0 0 1.500 0.000 0 3.473 25.985 3.375 20.231 8.796 14.492 7.964 30.204 12.108 4.110 24.774 8.117 16.274 8.762 11.522 31.705 11.350 11.920 0.833 0.484 0.832 0.568 0.782 0.667 0.801 0.430 0.713 0.837 0.501 0.797 0.635 0.783 0.725 0.413 0.728 0.717 1 1 1 1 1 1 1 1 1 1 1 1 1 1 1 1 1 1
