param 244
inputNames 1 GC
inputNames 2 CC
inputNames 3 OH
inputNames 4 Ordi_L
inputNames 5 Ordi_R
inputNames 6 Wurlitzer
inputNames 7 LoneKent_L
inputNames 8 LoneKent_R
inputNames 9 Gtr_1
inputNames 10 Gtr_2
inputNames 11 Gtr_3
inputNames 12 Gtr_4
inputNames 13 BeatBox_L
inputNames 14 BeatBox_R
inputNames 15 Cajon
inputNames 16 OrdiDavid_L
inputNames 17 OrdiDavid_R
inputNames 18 Sax
inputNames 19 Vx_Eric
inputNames 20 Vx_LoneKent
inputNames 21 Rvb_1
inputNames 22 Rvb_2
inputNames 23 input_23
inputNames 24 input_24
inputOffest 1 0.000 0.000 0.000
inputJitter 1 0.000
inputLFO 1 0 1.000 0 0 1.000 0 0 1.000 0 0 1.000 0
inputMutes 1 1 1 1 1 1 1 1 1 1 1 1 1 1 1 1 1 1 1
inputHFdampings 1 0.972 0.972 0.983 0.983 0.994 0.994 0.962 0.962 0.989 0.972 0.972 0.986 0.986 1.000 1.000 1.000 1.000 1.000
inputLevels 1 0.638 0.638 0.732 0.732 0.807 0.807 0.583 0.583 0.853 0.673 0.673 0.819 0.819 0.559 0.866 0.559 0.845 0.845
inputDelays 1 16.084 16.084 11.198 11.198 7.664 7.664 19.331 19.331 5.694 14.182 14.182 7.154 7.154 20.847 5.134 20.847 6.032 6.032
1 0.000 0.000 0 11 -0.000 1.443 4.076 1 1 1 0 0 0 37 0.000 -0.700 360 0 0.000 0 0 1.500 0.000 0
inputOffest 2 0.000 0.000 0.000
inputJitter 2 0.000
inputLFO 2 0 1.000 0 0 1.000 0 0 1.000 0 0 1.000 0
inputMutes 2 1 1 1 1 1 1 1 1 1 1 1 1 1 0 0 0 1 1
inputHFdampings 2 0.972 0.972 0.983 0.983 0.994 0.994 0.962 0.962 0.989 0.972 0.972 0.986 0.986 1.000 1.000 1.000 1.000 1.000
inputLevels 2 0.638 0.638 0.732 0.732 0.807 0.807 0.583 0.583 0.853 0.673 0.673 0.819 0.819 0.559 0.866 0.559 0.845 0.845
inputDelays 2 16.084 16.084 11.198 11.198 7.664 7.664 19.331 19.331 5.694 14.182 14.182 7.154 7.154 20.847 5.134 20.847 6.032 6.032
2 0.000 0.000 0 11 -0.000 1.443 4.076 1 1 1 0 0 0 37 0.000 -0.700 360 0 0.000 0 0 1.500 0.000 0
inputOffest 3 0.000 0.000 0.000
inputJitter 3 0.000
inputLFO 3 0 1.000 0 0 1.000 0 0 1.000 0 0 1.000 0
inputMutes 3 1 1 1 1 1 1 1 1 1 1 1 1 1 0 0 0 1 1
inputHFdampings 3 0.972 0.972 0.983 0.983 0.994 0.994 0.962 0.962 0.989 0.972 0.972 0.986 0.986 1.000 1.000 1.000 1.000 1.000
inputLevels 3 0.638 0.638 0.732 0.732 0.807 0.807 0.583 0.583 0.853 0.673 0.673 0.819 0.819 0.559 0.866 0.559 0.845 0.845
inputDelays 3 16.084 16.084 11.198 11.198 7.664 7.664 19.331 19.331 5.694 14.182 14.182 7.154 7.154 20.847 5.134 20.847 6.032 6.032
3 0.000 0.000 0 11 -0.000 1.443 4.076 1 1 1 0 0 0 37 0.000 -0.700 360 0 0.000 0 0 1.500 0.000 0
inputOffest 4 0.000 0.000 0.000
inputJitter 4 0.000
inputLFO 4 0 1.000 0 0 1.000 0 0 1.000 0 0 1.000 0
inputMutes 4 1 1 1 1 1 1 1 1 1 1 1 1 1 1 1 1 1 1
inputHFdampings 4 0.972 0.972 0.983 0.983 0.994 0.994 0.963 0.963 0.990 0.973 0.973 0.987 0.987 1.000 1.000 1.000 1.000 1.000
inputLevels 4 0.766 0.326 0.750 0.410 0.634 0.514 0.691 0.276 0.569 0.767 0.344 0.660 0.484 0.697 0.595 0.262 0.592 0.579
inputDelays 4 6.476 27.257 6.989 21.667 11.063 16.205 8.998 31.277 13.724 6.450 25.933 10.097 17.670 8.779 12.631 32.534 12.761 13.299
4 0.000 0.000 0 2 -4.207 1.478 2.065 1 1 1 0 0 0 34 0.000 -1.031 360 0 0.000 0 0 1.500 0.000 0
inputOffest 5 0.000 0.000 0.000
inputJitter 5 0.000
inputLFO 5 0 1.000 0 0 1.000 0 0 1.000 0 0 1.000 0
inputMutes 5 1 1 1 1 1 1 1 1 1 1 1 1 1 1 1 1 1 1
inputHFdampings 5 0.972 0.972 0.983 0.983 0.994 0.994 0.963 0.963 0.990 0.973 0.973 0.987 0.987 1.000 1.000 1.000 1.000 1.000
inputLevels 5 0.766 0.326 0.750 0.410 0.634 0.514 0.691 0.276 0.569 0.767 0.344 0.660 0.484 0.697 0.595 0.262 0.592 0.579
inputDelays 5 6.476 27.257 6.989 21.667 11.063 16.205 8.998 31.277 13.724 6.450 25.933 10.097 17.670 8.779 12.631 32.534 12.761 13.299
5 0.000 0.000 0 2 -4.207 1.478 2.065 1 1 1 0 0 0 34 0.000 -1.031 360 0 0.000 0 0 1.500 0.000 0
inputOffest 6 0.000 0.000 0.000
inputJitter 6 0.000
inputLFO 6 0 1.000 0 0 1.000 0 0 1.000 0 0 1.000 0
inputMutes 6 1 1 1 1 1 1 1 1 1 1 1 1 1 0 0 0 1 1
inputHFdampings 6 0.972 0.972 0.983 0.983 0.994 0.994 0.962 0.962 0.989 0.972 0.972 0.986 0.986 1.000 1.000 1.000 1.000 1.000
inputLevels 6 0.674 0.508 0.715 0.581 0.706 0.653 0.620 0.456 0.674 0.678 0.521 0.702 0.628 0.636 0.731 0.452 0.710 0.704
inputDelays 6 14.129 24.260 12.004 19.428 12.459 15.265 17.099 28.110 14.143 13.919 23.318 12.666 16.647 16.196 11.239 28.404 12.254 12.568
6 0.000 0.000 0 3 -2.334 3.570 1.377 1 1 1 0 0 0 39 0.000 -0.700 360 0 0.000 0 0 1.500 0.000 0
inputOffest 7 0.000 0.000 0.000
inputJitter 7 0.000
inputLFO 7 0 1.000 0 0 1.000 0 0 1.000 0 0 1.000 0
inputMutes 7 1 1 1 1 1 1 1 1 1 1 1 1 1 0 0 0 1 1
inputHFdampings 7 0.972 0.972 0.983 0.983 0.994 0.994 0.962 0.962 0.989 0.972 0.972 0.986 0.986 1.000 1.000 1.000 1.000 1.000
inputLevels 7 0.622 0.441 0.632 0.501 0.608 0.560 0.591 0.399 0.580 0.621 0.453 0.610 0.541 0.622 0.627 0.398 0.609 0.604
inputDelays 7 17.002 29.316 16.426 24.740 17.812 20.768 18.860 32.951 19.480 17.074 28.370 17.682 21.995 17.007 16.740 32.981 17.759 18.078
7 0.000 0.000 0 4 -3.423 5.144 1.486 1 1 1 0 0 0 40 0.000 -0.700 360 0 0.000 0 0 1.500 0.000 0
inputOffest 8 0.000 0.000 0.000
inputJitter 8 0.000
inputLFO 8 0 1.000 0 0 1.000 0 0 1.000 0 0 1.000 0
inputMutes 8 1 1 1 1 1 1 1 1 1 1 1 1 1 0 0 0 1 1
inputHFdampings 8 0.972 0.972 0.983 0.983 0.994 0.994 0.962 0.962 0.989 0.972 0.972 0.986 0.986 1.000 1.000 1.000 1.000 1.000
inputLevels 8 0.622 0.441 0.632 0.501 0.608 0.560 0.591 0.399 0.580 0.621 0.453 0.610 0.541 0.622 0.627 0.398 0.609 0.604
inputDelays 8 17.002 29.316 16.426 24.740 17.812 20.768 18.860 32.951 19.480 17.074 28.370 17.682 21.995 17.007 16.740 32.981 17.759 18.078
8 0.000 0.000 0 4 -3.423 5.144 1.486 1 1 1 0 0 0 40 0.000 -0.700 360 0 0.000 0 0 1.500 0.000 0
inputOffest 9 0.000 0.000 0.000
inputJitter 9 0.000
inputLFO 9 0 1.000 0 0 1.000 0 0 1.000 0 0 1.000 0
inputMutes 9 1 1 1 1 1 1 1 1 1 1 1 1 1 0 0 0 1 1
inputHFdampings 9 0.972 0.972 0.983 0.983 0.994 0.994 0.962 0.962 0.989 0.972 0.972 0.986 0.986 1.000 1.000 1.000 1.000 1.000
inputLevels 9 0.518 0.369 0.515 0.414 0.493 0.457 0.508 0.338 0.476 0.519 0.381 0.500 0.447 0.540 0.510 0.340 0.495 0.491
inputDelays 9 23.583 35.691 23.799 31.575 25.363 28.050 24.244 38.812 26.567 23.486 34.605 24.838 28.848 22.052 24.092 38.614 25.187 25.471
9 0.000 0.000 0 5 -4.307 7.579 2.572 1 1 1 0 0 0 39 0.000 -0.700 360 0 0.000 0 0 1.500 0.000 0
inputOffest 10 0.000 0.000 0.000
inputJitter 10 0.000
inputLFO 10 0 1.000 0 0 1.000 0 0 1.000 0 0 1.000 0
inputMutes 10 1 1 1 1 1 1 1 1 1 1 1 1 1 0 0 0 1 1
inputHFdampings 10 0.972 0.972 0.983 0.983 0.994 0.994 0.962 0.962 0.989 0.972 0.972 0.986 0.986 1.000 1.000 1.000 1.000 1.000
inputLevels 10 0.490 0.427 0.512 0.468 0.516 0.499 0.467 0.396 0.510 0.497 0.438 0.517 0.493 0.486 0.551 0.403 0.531 0.529
inputDelays 10 25.536 30.491 23.965 27.219 23.732 24.874 27.309 33.183 24.129 25.020 29.594 23.649 25.349 25.870 21.339 32.526 22.676 22.798
10 0.000 0.000 0 6 -1.666 7.638 2.536 1 1 1 0 0 0 38 0.000 -0.700 360 0 0.000 0 0 1.500 0.000 0
inputOffest 11 0.000 0.000 0.000
inputJitter 11 0.000
inputLFO 11 0 1.000 0 0 1.000 0 0 1.000 0 0 1.000 0
inputMutes 11 1 1 1 1 1 1 1 1 1 1 1 1 1 0 0 0 1 1
inputHFdampings 11 0.972 0.972 0.983 0.983 0.994 0.994 0.962 0.962 0.989 0.972 0.972 0.986 0.986 1.000 1.000 1.000 1.000 1.000
inputLevels 11 0.435 0.490 0.476 0.515 0.507 0.521 0.404 0.465 0.516 0.446 0.498 0.500 0.521 0.412 0.558 0.483 0.536 0.538
inputDelays 11 29.804 25.514 26.599 23.773 24.360 23.365 32.469 27.396 23.688 28.924 24.961 24.808 23.330 31.784 20.879 26.040 22.338 22.232
11 0.000 0.000 0 7 1.424 7.527 2.518 1 1 1 0 0 0 38 0.000 -0.700 360 0 0.000 0 0 1.500 0.000 0
inputOffest 12 0.000 0.000 0.000
inputJitter 12 0.000
inputLFO 12 0 1.000 0 0 1.000 0 0 1.000 0 0 1.000 0
inputMutes 12 1 1 1 1 1 1 1 1 1 1 1 1 1 0 0 0 1 1
inputHFdampings 12 0.972 0.972 0.983 0.983 0.994 0.994 0.962 0.962 0.989 0.972 0.972 0.986 0.986 1.000 1.000 1.000 1.000 1.000
inputLevels 12 0.373 0.532 0.420 0.528 0.465 0.503 0.341 0.523 0.486 0.385 0.533 0.454 0.511 0.343 0.520 0.556 0.500 0.505
inputDelays 12 35.296 22.586 31.070 22.890 27.415 24.585 38.494 23.240 25.878 34.197 22.524 28.263 24.043 38.369 23.430 21.029 24.793 24.494
12 0.000 0.000 0 8 4.415 7.245 2.500 1 1 1 0 0 0 38 0.000 -0.700 360 0 0.000 0 0 1.500 0.000 0
inputOffest 13 0.000 0.000 0.000
inputJitter 13 0.000
inputLFO 13 0 1.000 0 0 1.000 0 0 1.000 0 0 1.000 0
inputMutes 13 1 1 1 1 1 1 1 1 1 1 1 1 1 1 1 1 1 1
inputHFdampings 13 0.972 0.972 0.983 0.983 0.994 0.994 0.962 0.962 0.989 0.972 0.972 0.986 0.986 1.000 1.000 1.000 1.000 1.000
inputLevels 13 0.342 0.457 0.412 0.506 0.476 0.514 0.294 0.407 0.495 0.357 0.468 0.458 0.512 0.294 0.562 0.423 0.528 0.532
inputDelays 13 24.444 17.835 20.207 15.514 16.905 15.163 27.857 20.454 15.998 23.461 17.289 17.793 15.257 27.854 13.116 19.613 14.545 14.352
13 0.000 0.000 0 9 1.677 4.651 1.993 1 1 1 0 0 0 39 0.000 -1.101 360 0 0.000 0 0 1.500 0.000 0
inputOffest 14 0.000 0.000 0.000
inputJitter 14 0.000
inputLFO 14 0 1.000 0 0 1.000 0 0 1.000 0 0 1.000 0
inputMutes 14 1 1 1 1 1 1 1 1 1 1 1 1 1 1 1 1 1 1
inputHFdampings 14 0.972 0.972 0.983 0.983 0.994 0.994 0.962 0.962 0.989 0.972 0.972 0.986 0.986 1.000 1.000 1.000 1.000 1.000
inputLevels 14 0.342 0.457 0.412 0.506 0.476 0.514 0.294 0.407 0.495 0.357 0.468 0.458 0.512 0.294 0.562 0.423 0.528 0.532
inputDelays 14 24.444 17.835 20.207 15.514 16.905 15.163 27.857 20.454 15.998 23.461 17.289 17.793 15.257 27.854 13.116 19.613 14.545 14.352
14 0.000 0.000 0 9 1.677 4.651 1.993 1 1 1 0 0 0 39 0.000 -1.101 360 0 0.000 0 0 1.500 0.000 0
inputOffest 15 0.000 0.000 0.000
inputJitter 15 0.000
inputLFO 15 0 1.000 0 0 1.000 0 0 1.000 0 0 1.000 0
inputMutes 15 1 1 1 1 1 1 1 1 1 1 1 1 1 1 1 1 1 1
inputHFdampings 15 0.972 0.972 0.983 0.983 0.994 0.994 0.962 0.962 0.989 0.972 0.972 0.986 0.986 1.000 1.000 1.000 1.000 1.000
inputLevels 15 0.638 0.638 0.732 0.732 0.807 0.807 0.583 0.583 0.853 0.673 0.673 0.819 0.819 0.559 0.866 0.559 0.845 0.845
inputDelays 15 16.084 16.084 11.198 11.198 7.664 7.664 19.331 19.331 5.694 14.182 14.182 7.154 7.154 20.847 5.134 20.847 6.032 6.032
15 0.000 0.000 0 11 -0.000 1.443 4.076 1 1 1 0 0 0 37 0.000 -0.700 360 0 0.000 0 0 1.500 0.000 0
inputOffest 16 0.000 0.000 0.000
inputJitter 16 0.000
inputLFO 16 0 1.000 0 0 1.000 0 0 1.000 0 0 1.000 0
inputMutes 16 1 1 1 1 1 1 1 1 1 1 1 1 1 1 1 1 1 1
inputHFdampings 16 0.972 0.972 0.983 0.983 0.994 0.994 0.962 0.962 0.989 0.972 0.972 0.986 0.986 1.000 1.000 1.000 1.000 1.000
inputLevels 16 0.327 0.652 0.414 0.689 0.516 0.623 0.273 0.568 0.555 0.342 0.646 0.479 0.625 0.264 0.614 0.590 0.587 0.599
inputDelays 16 25.462 9.726 20.106 8.488 15.062 10.776 29.578 12.889 13.388 24.436 9.939 16.764 10.720 30.320 11.111 12.004 12.118 11.652
16 0.000 0.000 0 10 3.323 2.383 1.232 1 1 1 0 0 0 39 0.000 -1.101 360 0 0.000 0 0 2.900 -4.000 0
inputOffest 17 0.000 0.000 0.000
inputJitter 17 0.000
inputLFO 17 0 1.000 0 0 1.000 0 0 1.000 0 0 1.000 0
inputMutes 17 1 1 1 1 1 1 1 1 1 1 1 1 1 1 1 1 1 1
inputHFdampings 17 0.972 0.972 0.983 0.983 0.994 0.994 0.962 0.962 0.989 0.972 0.972 0.986 0.986 1.000 1.000 1.000 1.000 1.000
inputLevels 17 0.327 0.652 0.414 0.689 0.516 0.623 0.273 0.568 0.555 0.342 0.646 0.479 0.625 0.264 0.614 0.590 0.587 0.599
inputDelays 17 25.462 9.726 20.106 8.488 15.062 10.776 29.578 12.889 13.388 24.436 9.939 16.764 10.720 30.320 11.111 12.004 12.118 11.652
17 0.000 0.000 0 10 3.323 2.383 1.232 1 1 1 0 0 0 39 0.000 -1.101 360 0 0.000 0 0 3.000 -5.000 0
inputOffest 18 0.000 0.000 0.000
inputJitter 18 0.000
inputLFO 18 0 1.000 0 0 1.000 0 0 1.000 0 0 1.000 0
inputMutes 18 1 1 1 1 1 1 1 1 1 1 1 1 1 1 1 1 1 1
inputHFdampings 18 0.972 0.972 0.983 0.983 0.994 0.994 0.962 0.962 0.989 0.972 0.972 0.986 0.986 1.000 1.000 1.000 1.000 1.000
inputLevels 18 0.327 0.652 0.414 0.689 0.516 0.623 0.273 0.568 0.555 0.342 0.646 0.479 0.625 0.264 0.614 0.590 0.587 0.599
inputDelays 18 25.462 9.726 20.106 8.488 15.062 10.776 29.578 12.889 13.388 24.436 9.939 16.764 10.720 30.320 11.111 12.004 12.118 11.652
18 0.000 0.000 0 10 3.323 2.383 1.232 1 1 1 0 0 0 39 0.000 -1.101 360 0 0.000 0 0 3.000 -5.000 0
inputOffest 19 0.000 0.000 0.000
inputJitter 19 0.000
inputLFO 19 0 1.000 0 0 1.000 0 0 1.000 0 0 1.000 0
inputMutes 19 1 1 1 1 1 1 1 1 1 1 1 1 1 0 0 0 1 1
inputHFdampings 19 0.972 0.972 0.983 0.983 0.994 0.994 0.962 0.962 0.989 0.972 0.972 0.986 0.986 1.000 1.000 1.000 1.000 1.000
inputLevels 19 0.638 0.638 0.732 0.732 0.807 0.807 0.583 0.583 0.853 0.673 0.673 0.819 0.819 0.559 0.866 0.559 0.845 0.845
inputDelays 19 16.084 16.084 11.198 11.198 7.664 7.664 19.331 19.331 5.694 14.182 14.182 7.154 7.154 20.847 5.134 20.847 6.032 6.032
19 0.000 0.000 0 11 -0.000 1.443 4.076 1 1 1 0 0 0 37 0.000 -0.700 360 0 0.000 0 0 1.500 0.000 0
inputOffest 20 0.000 0.000 0.000
inputJitter 20 0.000
inputLFO 20 0 1.000 0 0 1.000 0 0 1.000 0 0 1.000 0
inputMutes 20 1 1 1 1 1 1 1 1 1 1 1 1 1 0 0 0 1 1
inputHFdampings 20 0.972 0.972 0.983 0.983 0.994 0.994 0.962 0.962 0.989 0.972 0.972 0.986 0.986 1.000 1.000 1.000 1.000 1.000
inputLevels 20 0.622 0.441 0.632 0.501 0.608 0.560 0.591 0.399 0.580 0.621 0.453 0.610 0.541 0.622 0.627 0.398 0.609 0.604
inputDelays 20 17.002 29.316 16.426 24.740 17.812 20.768 18.860 32.951 19.480 17.074 28.370 17.682 21.995 17.007 16.740 32.981 17.759 18.078
20 0.000 0.000 0 4 -3.423 5.144 1.486 1 1 1 0 0 0 40 0.000 -0.700 360 0 0.000 0 0 1.500 0.000 0
inputOffest 21 0.000 0.000 0.000
inputJitter 21 0.000
inputLFO 21 0 1.000 0 0 1.000 0 0 1.000 0 0 1.000 0
inputMutes 21 1 1 1 1 1 1 1 1 1 1 1 1 1 0 0 0 1 1
inputHFdampings 21 0.972 0.972 0.983 0.983 0.994 0.994 0.954 0.954 0.972 0.962 0.962 0.970 0.970 1.000 1.000 1.000 1.000 1.000
inputLevels 21 0.262 0.262 0.284 0.284 0.297 0.297 0.217 0.217 0.262 0.238 0.238 0.259 0.259 0.257 0.335 0.257 0.316 0.316
inputDelays 21 33.568 33.568 31.520 31.520 30.445 30.445 38.316 38.316 33.568 35.994 35.994 33.846 33.846 34.061 27.421 34.061 28.866 28.866
21 0.000 0.000 0 1 0.000 10.000 0.000 0 0 0 0 0 0 0 0.000 -1.000 360 0 0.000 0 0 1.500 0.000 0
inputOffest 22 0.000 0.000 0.000
inputJitter 22 0.000
inputLFO 22 0 1.000 0 0 1.000 0 0 1.000 0 0 1.000 0
inputMutes 22 1 1 1 1 1 1 1 1 1 1 1 1 1 0 0 0 1 1
inputHFdampings 22 0.972 0.972 0.983 0.983 0.994 0.994 0.954 0.954 0.972 0.962 0.962 0.970 0.970 1.000 1.000 1.000 1.000 1.000
inputLevels 22 0.262 0.262 0.284 0.284 0.297 0.297 0.217 0.217 0.262 0.238 0.238 0.259 0.259 0.257 0.335 0.257 0.316 0.316
inputDelays 22 33.568 33.568 31.520 31.520 30.445 30.445 38.316 38.316 33.568 35.994 35.994 33.846 33.846 34.061 27.421 34.061 28.866 28.866
22 0.000 0.000 0 1 0.000 10.000 0.000 0 0 0 0 0 0 0 0.000 -1.000 360 0 0.000 0 0 1.500 0.000 0
inputOffest 23 0.000 0.000 0.000
inputJitter 23 0.000
inputLFO 23 0 1.000 0 0 1.000 0 0 1.000 0 0 1.000 0
inputMutes 23 1 1 1 1 1 1 1 1 1 1 1 1 1 1 1 1 1 1
inputHFdampings 23 0.972 0.972 0.983 0.983 0.994 0.994 0.954 0.954 0.972 0.962 0.962 0.970 0.970 1.000 1.000 1.000 1.000 1.000
inputLevels 23 1.000 1.000 1.000 1.000 1.000 1.000 1.000 1.000 1.000 1.000 1.000 1.000 1.000 1.000 1.000 1.000 1.000 1.000
inputDelays 23 28.465 28.465 26.018 26.018 24.704 24.704 33.934 33.934 28.465 31.288 31.288 28.792 28.792 29.612 21.648 29.612 23.093 23.093
23 0.000 0.000 0 1 0.000 8.000 0.000 1 1 1 0 0 0 0 0.000 0.000 360 0 0.000 0 0 1.500 0.000 0
inputOffest 24 0.000 0.000 0.000
inputJitter 24 0.000
inputLFO 24 0 1.000 0 0 1.000 0 0 1.000 0 0 1.000 0
inputMutes 24 1 1 1 1 1 1 1 1 1 1 1 1 1 1 1 1 1 1
inputHFdampings 24 0.972 0.972 0.983 0.983 0.994 0.994 0.954 0.954 0.972 0.962 0.962 0.970 0.970 1.000 1.000 1.000 1.000 1.000
inputLevels 24 1.000 1.000 1.000 1.000 1.000 1.000 1.000 1.000 1.000 1.000 1.000 1.000 1.000 1.000 1.000 1.000 1.000 1.000
inputDelays 24 28.465 28.465 26.018 26.018 24.704 24.704 33.934 33.934 28.465 31.288 31.288 28.792 28.792 29.612 21.648 29.612 23.093 23.093
24 0.000 0.000 0 1 0.000 8.000 0.000 1 1 1 0 0 0 0 0.000 -0.000 360 0 0.000 0 0 1.500 0.000 0
