param 24
inputNames 1 QLab_1
inputNames 2 QLab_2
inputNames 3 QLab_3
inputNames 4 QLab_4
inputNames 5 QLab_5
inputNames 6 QLab_6
inputNames 7 QLab_7
inputNames 8 QLab_8
inputNames 9 QLab_9
inputNames 10 QLab_10
inputNames 11 QLab_11
inputNames 12 QLab_12
inputNames 13 QLab_13
inputNames 14 QLab_14
inputNames 15 QLab_15
inputNames 16 QLab_16
inputNames 17 QLab_17
inputNames 18 QLab_18
inputNames 19 QLab_19
inputNames 20 QLab_20
inputNames 21 QLab_21
inputNames 22 QLab_22
inputNames 23 Hall_L
inputNames 24 Hall_R
inputNames 25 Room_L
inputNames 26 Room_R
inputNames 27 Rvb_DwnS_L
inputNames 28 Rvb_DwnS_R
inputNames 29 Rvb_UpS_L
inputNames 30 Rvb_UpS_R
inputOffest 1 0.000 0.000 0.000
inputJitter 1 0.000
inputLFO 1 0 1.000 0 0 1.000 0 0 1.000 0 0 1.000 0
inputMutes 1 1 1 1 1 1 1 1 1 1 1 1 1 1 1 1 1 1 1 1 1 1 1 1
inputHFdampings 1 0.812 0.812 0.855 0.855 0.900 0.900 0.947 0.947 0.983 1.000 0.840 0.866 0.866 0.840 0.581 0.581 0.545 0.545 0.811 0.839 0.426 0.426 1.000
inputLevels 1 1.000 1.000 1.000 1.000 1.000 1.000 1.000 1.000 1.000 1.000 1.000 1.000 1.000 1.000 1.000 1.000 1.000 1.000 1.000 1.000 1.000 1.000 1.000
inputDelays 1 17.440 17.440 13.115 13.115 8.810 8.810 4.580 4.580 1.448 24.959 21.916 18.147 18.147 21.916 27.326 27.326 25.417 25.417 8.810 8.810 35.828 35.828 24.792
1 0.000 0.000 0 1 0.000 0.000 0.000 1 1 1 0 0 0 0 0.000 -0.700 360 0 0.000 0 0 1.500 0.000 0
inputOffest 2 0.000 0.000 0.000
inputJitter 2 0.000
inputLFO 2 0 1.000 0 0 1.000 0 0 1.000 0 0 1.000 0
inputMutes 2 1 1 1 1 1 1 1 1 1 1 1 1 1 1 1 1 1 1 1 1 1 1 1
inputHFdampings 2 0.812 0.812 0.855 0.855 0.900 0.900 0.947 0.947 0.983 1.000 0.840 0.866 0.866 0.840 0.581 0.581 0.545 0.545 0.811 0.839 0.426 0.426 1.000
inputLevels 2 0.616 0.616 0.694 0.694 0.783 0.783 0.880 0.880 0.961 0.499 0.543 0.604 0.604 0.543 0.468 0.468 0.493 0.493 0.783 0.783 0.369 0.369 0.502
inputDelays 2 17.440 17.440 13.115 13.115 8.810 8.810 4.580 4.580 1.448 24.959 21.916 18.147 18.147 21.916 27.326 27.326 25.417 25.417 8.810 8.810 35.828 35.828 24.792
2 0.000 0.000 0 1 0.000 0.000 0.000 1 1 1 0 0 0 0 0.000 -0.700 360 0 0.000 0 0 1.500 0.000 0
inputOffest 3 0.000 0.000 0.000
inputJitter 3 0.000
inputLFO 3 0 1.000 0 0 1.000 0 0 1.000 0 0 1.000 0
inputMutes 3 1 1 1 1 1 1 1 1 1 1 1 1 1 1 1 1 1 1 1 1 1 1 1
inputHFdampings 3 0.812 0.812 0.855 0.855 0.900 0.900 0.947 0.947 0.983 1.000 0.840 0.866 0.866 0.840 0.581 0.581 0.545 0.545 0.811 0.839 0.426 0.426 1.000
inputLevels 3 0.616 0.616 0.694 0.694 0.783 0.783 0.880 0.880 0.961 0.499 0.543 0.604 0.604 0.543 0.468 0.468 0.493 0.493 0.783 0.783 0.369 0.369 0.502
inputDelays 3 17.440 17.440 13.115 13.115 8.810 8.810 4.580 4.580 1.448 24.959 21.916 18.147 18.147 21.916 27.326 27.326 25.417 25.417 8.810 8.810 35.828 35.828 24.792
3 0.000 0.000 0 1 0.000 0.000 0.000 1 1 1 0 0 0 0 0.000 -0.700 360 0 0.000 0 0 1.500 0.000 0
inputOffest 4 0.000 0.000 0.000
inputJitter 4 0.000
inputLFO 4 0 1.000 0 0 1.000 0 0 1.000 0 0 1.000 0
inputMutes 4 1 1 1 1 1 1 1 1 1 1 1 1 1 1 1 1 1 1 1 1 1 1 1
inputHFdampings 4 0.812 0.812 0.855 0.855 0.900 0.900 0.947 0.947 0.983 1.000 0.840 0.866 0.866 0.840 0.581 0.581 0.545 0.545 0.811 0.839 0.426 0.426 1.000
inputLevels 4 0.616 0.616 0.694 0.694 0.783 0.783 0.880 0.880 0.961 0.499 0.543 0.604 0.604 0.543 0.468 0.468 0.493 0.493 0.783 0.783 0.369 0.369 0.502
inputDelays 4 17.440 17.440 13.115 13.115 8.810 8.810 4.580 4.580 1.448 24.959 21.916 18.147 18.147 21.916 27.326 27.326 25.417 25.417 8.810 8.810 35.828 35.828 24.792
4 0.000 0.000 0 1 0.000 0.000 0.000 1 1 1 0 0 0 0 0.000 -0.700 360 0 0.000 0 0 1.500 0.000 0
inputOffest 5 0.000 0.000 0.000
inputJitter 5 0.000
inputLFO 5 0 1.000 0 0 1.000 0 0 1.000 0 0 1.000 0
inputMutes 5 1 1 1 1 1 1 1 1 1 1 1 1 1 1 1 1 1 1 1 1 1 1 1
inputHFdampings 5 0.812 0.812 0.855 0.855 0.900 0.900 0.947 0.947 0.983 1.000 0.840 0.866 0.866 0.840 0.581 0.581 0.545 0.545 0.811 0.839 0.426 0.426 1.000
inputLevels 5 0.616 0.616 0.694 0.694 0.783 0.783 0.880 0.880 0.961 0.499 0.543 0.604 0.604 0.543 0.468 0.468 0.493 0.493 0.783 0.783 0.369 0.369 0.502
inputDelays 5 17.440 17.440 13.115 13.115 8.810 8.810 4.580 4.580 1.448 24.959 21.916 18.147 18.147 21.916 27.326 27.326 25.417 25.417 8.810 8.810 35.828 35.828 24.792
5 0.000 0.000 0 1 0.000 0.000 0.000 1 1 1 0 0 0 0 0.000 -0.700 360 0 0.000 0 0 1.500 0.000 0
inputOffest 6 0.000 0.000 0.000
inputJitter 6 0.000
inputLFO 6 0 1.000 0 0 1.000 0 0 1.000 0 0 1.000 0
inputMutes 6 1 1 1 1 1 1 1 1 1 1 1 1 1 1 1 1 1 1 1 1 1 1 1
inputHFdampings 6 0.812 0.812 0.855 0.855 0.900 0.900 0.947 0.947 0.983 1.000 0.840 0.866 0.866 0.840 0.581 0.581 0.545 0.545 0.811 0.839 0.426 0.426 1.000
inputLevels 6 0.616 0.616 0.694 0.694 0.783 0.783 0.880 0.880 0.961 0.499 0.543 0.604 0.604 0.543 0.468 0.468 0.493 0.493 0.783 0.783 0.369 0.369 0.502
inputDelays 6 17.440 17.440 13.115 13.115 8.810 8.810 4.580 4.580 1.448 24.959 21.916 18.147 18.147 21.916 27.326 27.326 25.417 25.417 8.810 8.810 35.828 35.828 24.792
6 0.000 0.000 0 1 0.000 0.000 0.000 1 1 1 0 0 0 0 0.000 -0.700 360 0 0.000 0 0 1.500 0.000 0
inputOffest 7 0.000 0.000 0.000
inputJitter 7 0.000
inputLFO 7 0 1.000 0 0 1.000 0 0 1.000 0 0 1.000 0
inputMutes 7 1 1 1 1 1 1 1 1 1 1 1 1 1 1 1 1 1 1 1 1 1 1 1
inputHFdampings 7 0.812 0.812 0.855 0.855 0.900 0.900 0.947 0.947 0.983 1.000 0.840 0.866 0.866 0.840 0.581 0.581 0.545 0.545 0.811 0.839 0.426 0.426 1.000
inputLevels 7 0.616 0.616 0.694 0.694 0.783 0.783 0.880 0.880 0.961 0.499 0.543 0.604 0.604 0.543 0.468 0.468 0.493 0.493 0.783 0.783 0.369 0.369 0.502
inputDelays 7 17.440 17.440 13.115 13.115 8.810 8.810 4.580 4.580 1.448 24.959 21.916 18.147 18.147 21.916 27.326 27.326 25.417 25.417 8.810 8.810 35.828 35.828 24.792
7 0.000 0.000 0 1 0.000 0.000 0.000 1 1 1 0 0 0 0 0.000 -0.700 360 0 0.000 0 0 1.500 0.000 0
inputOffest 8 0.000 0.000 0.000
inputJitter 8 0.000
inputLFO 8 0 1.000 0 0 1.000 0 0 1.000 0 0 1.000 0
inputMutes 8 1 1 1 1 1 1 1 1 1 1 1 1 1 1 1 1 1 1 1 1 1 1 1
inputHFdampings 8 0.812 0.812 0.855 0.855 0.900 0.900 0.947 0.947 0.983 1.000 0.840 0.866 0.866 0.840 0.581 0.581 0.545 0.545 0.811 0.839 0.426 0.426 1.000
inputLevels 8 0.616 0.616 0.694 0.694 0.783 0.783 0.880 0.880 0.961 0.499 0.543 0.604 0.604 0.543 0.468 0.468 0.493 0.493 0.783 0.783 0.369 0.369 0.502
inputDelays 8 17.440 17.440 13.115 13.115 8.810 8.810 4.580 4.580 1.448 24.959 21.916 18.147 18.147 21.916 27.326 27.326 25.417 25.417 8.810 8.810 35.828 35.828 24.792
8 0.000 0.000 0 1 0.000 0.000 0.000 1 1 1 0 0 0 0 0.000 -0.700 360 0 0.000 0 0 1.500 0.000 0
inputOffest 9 0.000 0.000 0.000
inputJitter 9 0.000
inputLFO 9 0 1.000 0 0 1.000 0 0 1.000 0 0 1.000 0
inputMutes 9 1 1 1 1 1 1 1 1 1 1 1 1 1 1 1 1 1 1 1 1 1 1 1
inputHFdampings 9 0.812 0.812 0.855 0.855 0.900 0.900 0.947 0.947 0.983 1.000 0.840 0.866 0.866 0.840 0.581 0.581 0.545 0.545 0.811 0.839 0.426 0.426 1.000
inputLevels 9 0.616 0.616 0.694 0.694 0.783 0.783 0.880 0.880 0.961 0.499 0.543 0.604 0.604 0.543 0.468 0.468 0.493 0.493 0.783 0.783 0.369 0.369 0.502
inputDelays 9 17.440 17.440 13.115 13.115 8.810 8.810 4.580 4.580 1.448 24.959 21.916 18.147 18.147 21.916 27.326 27.326 25.417 25.417 8.810 8.810 35.828 35.828 24.792
9 0.000 0.000 0 1 0.000 0.000 0.000 1 1 1 0 0 0 0 0.000 -0.700 360 0 0.000 0 0 1.500 0.000 0
inputOffest 10 0.000 0.000 0.000
inputJitter 10 0.000
inputLFO 10 0 1.000 0 0 1.000 0 0 1.000 0 0 1.000 0
inputMutes 10 1 1 1 1 1 1 1 1 1 1 1 1 1 1 1 1 1 1 1 1 1 1 1
inputHFdampings 10 0.812 0.812 0.855 0.855 0.900 0.900 0.947 0.947 0.983 1.000 0.840 0.866 0.866 0.840 0.581 0.581 0.545 0.545 0.811 0.839 0.426 0.426 1.000
inputLevels 10 0.616 0.616 0.694 0.694 0.783 0.783 0.880 0.880 0.961 0.499 0.543 0.604 0.604 0.543 0.468 0.468 0.493 0.493 0.783 0.783 0.369 0.369 0.502
inputDelays 10 17.440 17.440 13.115 13.115 8.810 8.810 4.580 4.580 1.448 24.959 21.916 18.147 18.147 21.916 27.326 27.326 25.417 25.417 8.810 8.810 35.828 35.828 24.792
10 0.000 0.000 0 1 0.000 0.000 0.000 1 1 1 0 0 0 0 0.000 -0.700 360 0 0.000 0 0 1.500 0.000 0
inputOffest 11 0.000 0.000 0.000
inputJitter 11 0.000
inputLFO 11 0 1.000 0 0 1.000 0 0 1.000 0 0 1.000 0
inputMutes 11 1 1 1 1 1 1 1 1 1 1 1 1 1 1 1 1 1 1 1 1 1 1 1
inputHFdampings 11 0.812 0.812 0.855 0.855 0.900 0.900 0.947 0.947 0.983 1.000 0.840 0.866 0.866 0.840 0.581 0.581 0.545 0.545 0.811 0.839 0.426 0.426 1.000
inputLevels 11 0.616 0.616 0.694 0.694 0.783 0.783 0.880 0.880 0.961 0.499 0.543 0.604 0.604 0.543 0.468 0.468 0.493 0.493 0.783 0.783 0.369 0.369 0.502
inputDelays 11 17.440 17.440 13.115 13.115 8.810 8.810 4.580 4.580 1.448 24.959 21.916 18.147 18.147 21.916 27.326 27.326 25.417 25.417 8.810 8.810 35.828 35.828 24.792
11 0.000 0.000 0 1 0.000 0.000 0.000 1 1 1 0 0 0 0 0.000 -0.700 360 0 0.000 0 0 1.500 0.000 0
inputOffest 12 0.000 0.000 0.000
inputJitter 12 0.000
inputLFO 12 0 1.000 0 0 1.000 0 0 1.000 0 0 1.000 0
inputMutes 12 1 1 1 1 1 1 1 1 1 1 1 1 1 1 1 1 1 1 1 1 1 1 1
inputHFdampings 12 0.812 0.812 0.855 0.855 0.900 0.900 0.947 0.947 0.983 1.000 0.840 0.866 0.866 0.840 0.581 0.581 0.545 0.545 0.811 0.839 0.426 0.426 1.000
inputLevels 12 0.616 0.616 0.694 0.694 0.783 0.783 0.880 0.880 0.961 0.499 0.543 0.604 0.604 0.543 0.468 0.468 0.493 0.493 0.783 0.783 0.369 0.369 0.502
inputDelays 12 17.440 17.440 13.115 13.115 8.810 8.810 4.580 4.580 1.448 24.959 21.916 18.147 18.147 21.916 27.326 27.326 25.417 25.417 8.810 8.810 35.828 35.828 24.792
12 0.000 0.000 0 1 0.000 0.000 0.000 1 1 1 0 0 0 0 0.000 -0.700 360 0 0.000 0 0 1.500 0.000 0
inputOffest 13 0.000 0.000 0.000
inputJitter 13 0.000
inputLFO 13 0 1.000 0 0 1.000 0 0 1.000 0 0 1.000 0
inputMutes 13 1 1 1 1 1 1 1 1 1 1 1 1 1 1 1 1 1 1 1 1 1 1 1
inputHFdampings 13 0.812 0.812 0.855 0.855 0.900 0.900 0.947 0.947 0.983 1.000 0.840 0.866 0.866 0.840 0.581 0.581 0.545 0.545 0.811 0.839 0.426 0.426 1.000
inputLevels 13 0.616 0.616 0.694 0.694 0.783 0.783 0.880 0.880 0.961 0.499 0.543 0.604 0.604 0.543 0.468 0.468 0.493 0.493 0.783 0.783 0.369 0.369 0.502
inputDelays 13 17.440 17.440 13.115 13.115 8.810 8.810 4.580 4.580 1.448 24.959 21.916 18.147 18.147 21.916 27.326 27.326 25.417 25.417 8.810 8.810 35.828 35.828 24.792
13 0.000 0.000 0 1 0.000 0.000 0.000 1 1 1 0 0 0 0 0.000 -0.700 360 0 0.000 0 0 1.500 0.000 0
inputOffest 14 0.000 0.000 0.000
inputJitter 14 0.000
inputLFO 14 0 1.000 0 0 1.000 0 0 1.000 0 0 1.000 0
inputMutes 14 1 1 1 1 1 1 1 1 1 1 1 1 1 1 1 1 1 1 1 1 1 1 1
inputHFdampings 14 0.812 0.812 0.855 0.855 0.900 0.900 0.947 0.947 0.983 1.000 0.840 0.866 0.866 0.840 0.581 0.581 0.545 0.545 0.811 0.839 0.426 0.426 1.000
inputLevels 14 0.616 0.616 0.694 0.694 0.783 0.783 0.880 0.880 0.961 0.499 0.543 0.604 0.604 0.543 0.468 0.468 0.493 0.493 0.783 0.783 0.369 0.369 0.502
inputDelays 14 17.440 17.440 13.115 13.115 8.810 8.810 4.580 4.580 1.448 24.959 21.916 18.147 18.147 21.916 27.326 27.326 25.417 25.417 8.810 8.810 35.828 35.828 24.792
14 0.000 0.000 0 1 0.000 0.000 0.000 1 1 1 0 0 0 0 0.000 -0.700 360 0 0.000 0 0 1.500 0.000 0
inputOffest 15 0.000 0.000 0.000
inputJitter 15 0.000
inputLFO 15 0 1.000 0 0 1.000 0 0 1.000 0 0 1.000 0
inputMutes 15 1 1 1 1 1 1 1 1 1 1 1 1 1 1 1 1 1 1 1 1 1 1 1
inputHFdampings 15 0.812 0.812 0.855 0.855 0.900 0.900 0.947 0.947 0.983 1.000 0.840 0.866 0.866 0.840 0.581 0.581 0.545 0.545 0.811 0.839 0.426 0.426 1.000
inputLevels 15 0.616 0.616 0.694 0.694 0.783 0.783 0.880 0.880 0.961 0.499 0.543 0.604 0.604 0.543 0.468 0.468 0.493 0.493 0.783 0.783 0.369 0.369 0.502
inputDelays 15 17.440 17.440 13.115 13.115 8.810 8.810 4.580 4.580 1.448 24.959 21.916 18.147 18.147 21.916 27.326 27.326 25.417 25.417 8.810 8.810 35.828 35.828 24.792
15 0.000 0.000 0 1 0.000 0.000 0.000 1 1 1 0 0 0 0 0.000 -0.700 360 0 0.000 0 0 1.500 0.000 0
inputOffest 16 0.000 0.000 0.000
inputJitter 16 0.000
inputLFO 16 0 1.000 0 0 1.000 0 0 1.000 0 0 1.000 0
inputMutes 16 1 1 1 1 1 1 1 1 1 1 1 1 1 1 1 1 1 1 1 1 1 1 1
inputHFdampings 16 0.812 0.812 0.855 0.855 0.900 0.900 0.947 0.947 0.983 1.000 0.840 0.866 0.866 0.840 0.581 0.581 0.545 0.545 0.811 0.839 0.426 0.426 1.000
inputLevels 16 0.616 0.616 0.694 0.694 0.783 0.783 0.880 0.880 0.961 0.499 0.543 0.604 0.604 0.543 0.468 0.468 0.493 0.493 0.783 0.783 0.369 0.369 0.502
inputDelays 16 17.440 17.440 13.115 13.115 8.810 8.810 4.580 4.580 1.448 24.959 21.916 18.147 18.147 21.916 27.326 27.326 25.417 25.417 8.810 8.810 35.828 35.828 24.792
16 0.000 0.000 0 1 0.000 0.000 0.000 1 1 1 0 0 0 0 0.000 -0.700 360 0 0.000 0 0 1.500 0.000 0
inputOffest 17 0.000 0.000 0.000
inputJitter 17 0.000
inputLFO 17 0 1.000 0 0 1.000 0 0 1.000 0 0 1.000 0
inputMutes 17 1 1 1 1 1 1 1 1 1 1 1 1 1 1 1 1 1 1 1 1 1 1 1
inputHFdampings 17 0.812 0.812 0.855 0.855 0.900 0.900 0.947 0.947 0.983 1.000 0.840 0.866 0.866 0.840 0.581 0.581 0.545 0.545 0.811 0.839 0.426 0.426 1.000
inputLevels 17 0.616 0.616 0.694 0.694 0.783 0.783 0.880 0.880 0.961 0.499 0.543 0.604 0.604 0.543 0.468 0.468 0.493 0.493 0.783 0.783 0.369 0.369 0.502
inputDelays 17 17.440 17.440 13.115 13.115 8.810 8.810 4.580 4.580 1.448 24.959 21.916 18.147 18.147 21.916 27.326 27.326 25.417 25.417 8.810 8.810 35.828 35.828 24.792
17 0.000 0.000 0 1 0.000 0.000 0.000 1 1 1 0 0 0 0 0.000 -0.700 360 0 0.000 0 0 1.500 0.000 0
inputOffest 18 0.000 0.000 0.000
inputJitter 18 0.000
inputLFO 18 0 1.000 0 0 1.000 0 0 1.000 0 0 1.000 0
inputMutes 18 1 1 1 1 1 1 1 1 1 1 1 1 1 1 1 1 1 1 1 1 1 1 1
inputHFdampings 18 0.812 0.812 0.855 0.855 0.900 0.900 0.947 0.947 0.983 1.000 0.899 0.959 0.959 0.899 0.598 0.598 0.554 0.554 0.811 0.839 0.426 0.426 1.000
inputLevels 18 0.616 0.616 0.694 0.694 0.783 0.783 0.880 0.880 0.961 0.667 0.690 0.865 0.865 0.690 0.486 0.486 0.502 0.502 0.783 0.783 0.369 0.369 0.672
inputDelays 18 17.440 17.440 13.115 13.115 8.810 8.810 4.580 4.580 1.448 14.555 13.352 5.222 5.222 13.352 25.908 25.908 24.748 24.748 8.810 8.810 35.828 35.828 14.267
18 0.000 0.000 0 1 0.000 0.000 0.000 1 1 1 0 0 0 0 0.000 -0.700 360 0 0.000 0 0 1.500 0.000 0
inputOffest 19 0.000 0.000 0.000
inputJitter 19 0.000
inputLFO 19 0 1.000 0 0 1.000 0 0 1.000 0 0 1.000 0
inputMutes 19 1 1 1 1 1 1 1 1 1 1 1 1 1 1 1 1 1 1 1 1 1 1 1
inputHFdampings 19 0.812 0.812 0.855 0.855 0.900 0.900 0.947 0.947 0.983 1.000 0.840 0.866 0.866 0.840 0.581 0.581 0.545 0.545 0.811 0.839 0.426 0.426 1.000
inputLevels 19 0.616 0.616 0.694 0.694 0.783 0.783 0.880 0.880 0.961 0.499 0.543 0.604 0.604 0.543 0.468 0.468 0.493 0.493 0.783 0.783 0.369 0.369 0.502
inputDelays 19 17.440 17.440 13.115 13.115 8.810 8.810 4.580 4.580 1.448 24.959 21.916 18.147 18.147 21.916 27.326 27.326 25.417 25.417 8.810 8.810 35.828 35.828 24.792
19 0.000 0.000 0 1 0.000 0.000 0.000 1 1 1 0 0 0 0 0.000 -0.700 360 0 0.000 0 0 1.500 0.000 0
inputOffest 20 0.000 0.000 0.000
inputJitter 20 0.000
inputLFO 20 0 1.000 0 0 1.000 0 0 1.000 0 0 1.000 0
inputMutes 20 1 1 1 1 1 1 1 1 1 1 1 1 1 1 1 1 1 1 1 1 1 1 1
inputHFdampings 20 0.812 0.812 0.855 0.855 0.900 0.900 0.947 0.947 0.983 1.000 0.840 0.866 0.866 0.840 0.581 0.581 0.545 0.545 0.811 0.839 0.426 0.426 1.000
inputLevels 20 0.616 0.616 0.694 0.694 0.783 0.783 0.880 0.880 0.961 0.499 0.543 0.604 0.604 0.543 0.468 0.468 0.493 0.493 0.783 0.783 0.369 0.369 0.502
inputDelays 20 17.440 17.440 13.115 13.115 8.810 8.810 4.580 4.580 1.448 24.959 21.916 18.147 18.147 21.916 27.326 27.326 25.417 25.417 8.810 8.810 35.828 35.828 24.792
20 0.000 0.000 0 1 0.000 0.000 0.000 1 1 1 0 0 0 0 0.000 -0.700 360 0 0.000 0 0 1.500 0.000 0
inputOffest 21 0.000 0.000 0.000
inputJitter 21 0.000
inputLFO 21 0 1.000 0 0 1.000 0 0 1.000 0 0 1.000 0
inputMutes 21 1 1 1 1 1 1 1 1 1 1 1 1 1 1 1 1 1 1 1 1 1 1 1
inputHFdampings 21 0.812 0.812 0.855 0.855 0.900 0.900 0.947 0.947 0.983 1.000 0.840 0.866 0.866 0.840 0.581 0.581 0.545 0.545 0.811 0.839 0.426 0.426 1.000
inputLevels 21 0.616 0.616 0.694 0.694 0.783 0.783 0.880 0.880 0.961 0.499 0.543 0.604 0.604 0.543 0.468 0.468 0.493 0.493 0.783 0.783 0.369 0.369 0.502
inputDelays 21 17.440 17.440 13.115 13.115 8.810 8.810 4.580 4.580 1.448 24.959 21.916 18.147 18.147 21.916 27.326 27.326 25.417 25.417 8.810 8.810 35.828 35.828 24.792
21 0.000 0.000 0 1 0.000 0.000 0.000 1 1 1 0 0 0 0 0.000 -0.700 360 0 0.000 0 0 1.500 0.000 0
inputOffest 22 0.000 0.000 0.000
inputJitter 22 0.000
inputLFO 22 0 1.000 0 0 1.000 0 0 1.000 0 0 1.000 0
inputMutes 22 1 1 1 1 1 1 1 1 1 1 1 1 1 1 1 1 1 1 1 1 1 1 1
inputHFdampings 22 0.812 0.812 0.855 0.855 0.900 0.900 0.947 0.947 0.983 1.000 0.840 0.866 0.866 0.840 0.581 0.581 0.545 0.545 0.811 0.839 0.426 0.426 1.000
inputLevels 22 0.616 0.616 0.694 0.694 0.783 0.783 0.880 0.880 0.961 0.499 0.543 0.604 0.604 0.543 0.468 0.468 0.493 0.493 0.783 0.783 0.369 0.369 0.502
inputDelays 22 17.440 17.440 13.115 13.115 8.810 8.810 4.580 4.580 1.448 24.959 21.916 18.147 18.147 21.916 27.326 27.326 25.417 25.417 8.810 8.810 35.828 35.828 24.792
22 0.000 0.000 0 1 0.000 0.000 0.000 1 1 1 0 0 0 0 0.000 -0.700 360 0 0.000 0 0 1.500 0.000 0
inputOffest 23 0.000 0.000 0.000
inputJitter 23 0.000
inputLFO 23 0 1.000 0 0 1.000 0 0 1.000 0 0 1.000 0
inputMutes 23 1 1 1 1 1 1 1 1 1 0 1 1 1 1 0 0 0 0 0 0 0 0 0
inputHFdampings 23 0.812 0.812 0.855 0.855 0.900 0.900 0.947 0.947 0.983 1.000 0.840 0.866 0.866 0.840 0.581 0.581 0.545 0.545 0.811 0.839 0.426 0.426 1.000
inputLevels 23 0.207 0.457 0.231 0.422 0.258 0.386 0.287 0.351 0.318 0.226 0.234 0.291 0.357 0.431 0.198 0.000 0.194 0.000 0.258 0.386 0.262 0.395 0.444
inputDelays 23 56.631 28.120 52.658 30.994 48.749 34.181 44.920 37.599 41.193 53.429 52.238 44.427 37.009 30.276 58.292 13.274 58.865 15.598 48.749 34.181 48.208 33.405 29.205
23 0.000 0.000 0 1 12.000 6.000 4.000 0 0 0 0 0 0 0 0.000 -0.700 360 0 0.000 0 0 1.500 0.000 0
inputOffest 24 0.000 0.000 0.000
inputJitter 24 0.000
inputLFO 24 0 1.000 0 0 1.000 0 0 1.000 0 0 1.000 0
inputMutes 24 1 1 1 1 1 1 1 1 1 0 1 1 1 1 0 0 0 0 0 0 0 0 0
inputHFdampings 24 0.812 0.812 0.855 0.855 0.900 0.900 0.947 0.947 0.983 1.000 0.840 0.866 0.866 0.840 0.581 0.581 0.545 0.545 0.811 0.839 0.426 0.426 1.000
inputLevels 24 0.207 0.457 0.231 0.422 0.258 0.386 0.287 0.351 0.318 0.226 0.234 0.291 0.357 0.431 0.198 0.000 0.194 0.000 0.258 0.386 0.262 0.395 0.444
inputDelays 24 56.631 28.120 52.658 30.994 48.749 34.181 44.920 37.599 41.193 53.429 52.238 44.427 37.009 30.276 58.292 13.274 58.865 15.598 48.749 34.181 48.208 33.405 29.205
24 0.000 0.000 0 1 12.000 6.000 4.000 0 0 0 0 0 0 0 0.000 -0.700 360 0 0.000 0 0 1.500 0.000 0
inputOffest 25 0.000 0.000 0.000
inputJitter 25 0.000
inputLFO 25 0 1.000 0 0 1.000 0 0 1.000 0 0 1.000 0
inputMutes 25 1 1 1 1 1 1 1 1 1 0 1 1 1 1 0 0 0 0 0 0 0 0 0
inputHFdampings 25 0.812 0.812 0.855 0.855 0.900 0.900 0.947 0.947 0.983 1.000 0.840 0.866 0.866 0.840 0.581 0.581 0.545 0.545 0.811 0.839 0.426 0.426 1.000
inputLevels 25 0.326 0.667 0.365 0.641 0.407 0.600 0.453 0.552 0.502 0.330 0.346 0.424 0.506 0.575 0.298 0.892 0.298 0.892 0.407 0.600 0.352 0.478 0.567
inputDelays 25 40.266 14.555 36.236 15.997 32.287 18.377 28.454 21.384 24.790 39.847 38.126 30.825 24.450 19.911 43.545 4.096 43.545 4.096 32.287 18.377 37.544 26.547 20.412
25 0.000 0.000 0 1 7.000 4.000 2.000 0 0 0 0 0 0 0 0.000 -0.700 360 0 0.000 0 0 1.500 0.000 0
inputOffest 26 0.000 0.000 0.000
inputJitter 26 0.000
inputLFO 26 0 1.000 0 0 1.000 0 0 1.000 0 0 1.000 0
inputMutes 26 1 1 1 1 1 1 1 1 1 0 1 1 1 1 0 0 0 0 0 0 0 0 0
inputHFdampings 26 0.812 0.812 0.855 0.855 0.900 0.900 0.947 0.947 0.983 1.000 0.840 0.866 0.866 0.840 0.581 0.581 0.545 0.545 0.811 0.839 0.426 0.426 1.000
inputLevels 26 0.326 0.667 0.365 0.641 0.407 0.600 0.453 0.552 0.502 0.330 0.346 0.424 0.506 0.575 0.298 0.892 0.298 0.892 0.407 0.600 0.352 0.478 0.567
inputDelays 26 40.266 14.555 36.236 15.997 32.287 18.377 28.454 21.384 24.790 39.847 38.126 30.825 24.450 19.911 43.545 4.096 43.545 4.096 32.287 18.377 37.544 26.547 20.412
26 0.000 0.000 0 1 7.000 4.000 2.000 0 0 0 0 0 0 0 0.000 -0.700 360 0 0.000 0 0 1.500 0.000 0
inputOffest 27 0.000 0.000 0.000
inputJitter 27 0.000
inputLFO 27 0 1.000 0 0 1.000 0 0 1.000 0 0 1.000 0
inputMutes 27 1 1 1 1 1 1 1 1 1 0 1 1 1 1 0 0 0 0 0 0 0 0 0
inputHFdampings 27 0.812 0.812 0.855 0.855 0.900 0.900 0.947 0.947 0.983 1.000 0.840 0.866 0.866 0.840 0.581 0.581 0.545 0.545 0.811 0.839 0.426 0.426 1.000
inputLevels 27 0.269 0.721 0.382 0.852 0.488 0.940 0.580 0.815 0.688 0.289 0.323 0.413 0.483 0.489 0.244 0.450 0.258 0.501 0.488 0.940 0.211 0.251 0.436
inputDelays 27 26.702 8.224 22.365 4.021 18.031 1.565 13.705 5.147 9.396 31.274 28.435 22.275 18.298 18.014 35.541 20.066 34.095 17.377 18.031 1.565 39.130 34.764 20.912
27 0.000 0.000 0 1 3.205 0.000 0.000 0 0 0 0 0 0 0 0.000 -1.000 360 0 0.000 0 0 1.500 0.000 0
inputOffest 28 0.000 0.000 0.000
inputJitter 28 0.000
inputLFO 28 0 1.000 0 0 1.000 0 0 1.000 0 0 1.000 0
inputMutes 28 1 1 1 1 1 1 1 1 1 0 1 1 1 1 0 0 0 0 0 0 0 0 0
inputHFdampings 28 0.812 0.812 0.855 0.855 0.900 0.900 0.947 0.947 0.983 1.000 0.840 0.866 0.866 0.840 0.581 0.581 0.545 0.545 0.811 0.839 0.426 0.426 1.000
inputLevels 28 0.269 0.721 0.382 0.852 0.488 0.940 0.580 0.815 0.688 0.289 0.323 0.413 0.483 0.489 0.244 0.450 0.258 0.501 0.488 0.940 0.211 0.251 0.436
inputDelays 28 26.702 8.224 22.365 4.021 18.031 1.565 13.705 5.147 9.396 31.274 28.435 22.275 18.298 18.014 35.541 20.066 34.095 17.377 18.031 1.565 39.130 34.764 20.912
28 0.000 0.000 0 1 3.205 0.000 0.000 0 0 0 0 0 0 0 0.000 -1.000 360 0 0.000 0 0 1.500 0.000 0
inputOffest 29 0.000 0.000 0.000
inputJitter 29 0.000
inputLFO 29 0 1.000 0 0 1.000 0 0 1.000 0 0 1.000 0
inputMutes 29 1 1 1 1 1 1 1 1 1 0 1 1 1 1 0 0 0 0 0 0 0 0 0
inputHFdampings 29 0.812 0.812 0.855 0.855 0.900 0.900 0.947 0.947 0.983 1.000 0.840 0.866 0.866 0.840 0.581 0.581 0.545 0.545 0.811 0.839 0.426 0.426 1.000
inputLevels 29 0.561 0.636 0.579 0.638 0.595 0.636 0.610 0.631 0.622 0.545 0.550 0.577 0.594 0.600 0.587 0.716 0.579 0.700 0.595 0.636 0.000 0.000 0.600
inputDelays 29 48.404 37.905 45.799 37.655 43.472 37.905 41.472 38.645 39.847 50.855 50.107 46.186 43.665 42.792 44.639 28.008 45.844 29.892 43.472 37.905 21.772 4.580 42.783
29 0.000 0.000 0 1 4.500 12.500 0.000 0 0 0 0 0 0 0 0.000 -0.300 360 0 0.000 0 0 1.500 0.000 0
inputOffest 30 0.000 0.000 0.000
inputJitter 30 0.000
inputLFO 30 0 1.000 0 0 1.000 0 0 1.000 0 0 1.000 0
inputMutes 30 1 1 1 1 1 1 1 1 1 0 1 1 1 1 0 0 0 0 0 0 0 0 0
inputHFdampings 30 0.812 0.812 0.855 0.855 0.900 0.900 0.947 0.947 0.983 1.000 0.840 0.866 0.866 0.840 0.581 0.581 0.545 0.545 0.811 0.839 0.426 0.426 1.000
inputLevels 30 0.561 0.636 0.579 0.638 0.595 0.636 0.610 0.631 0.622 0.545 0.550 0.577 0.594 0.600 0.587 0.716 0.579 0.700 0.595 0.636 0.000 0.000 0.600
inputDelays 30 48.404 37.905 45.799 37.655 43.472 37.905 41.472 38.645 39.847 50.855 50.107 46.186 43.665 42.792 44.639 28.008 45.844 29.892 43.472 37.905 21.772 4.580 42.783
30 0.000 0.000 0 1 4.500 12.500 0.000 0 0 0 0 0 0 0 0.000 -0.300 360 0 0.000 0 0 1.500 0.000 0
