param 10
outputNames 1 FF_1
outputNames 2 FF_9
outputNames 3 FF_2
outputNames 4 FF_8
outputNames 5 FF_3
outputNames 6 FF_7
outputNames 7 FF_4
outputNames 8 FF_6
outputNames 9 FF_5
outputNames 10 Sub
outputNames 11 Main_1
outputNames 12 Main_2
outputNames 13 Main_3
outputNames 14 Main_4
outputNames 15 Reverb_1L
outputNames 16 Reverb_1R
outputNames 17 Reverb_2L
outputNames 18 Reverb_2R
outputNames 19 Reverb_3L
outputNames 20 Reverb_3R
outputNames 21 Reverb_4L
outputNames 22 Reverb_4R
outputNames 23 Sub-R
1 0.000 0.000 -5.600 -0.500 0.000 0 86 90 -0.300 1
2 0.000 0.000 5.600 -0.500 0.000 0 86 90 -0.300 1
3 0.000 0.000 -4.200 -0.500 0.000 0 86 90 -0.300 1
4 0.000 0.000 4.200 -0.500 0.000 0 86 90 -0.300 1
5 0.000 0.000 -2.800 -0.500 0.000 0 86 90 -0.300 1
6 0.000 0.000 2.800 -0.500 0.000 0 86 90 -0.300 1
7 0.000 0.000 -1.400 -0.500 0.000 0 86 90 -0.300 1
8 0.000 0.000 1.400 -0.500 0.000 0 86 90 -0.300 1
9 0.000 0.000 0.000 -0.500 0.000 0 86 90 -0.300 1
10 0.000 0.000 -5.000 -0.500 7.000 0 180 0 0.000 4
11 -15.000 0.000 -4.500 -1.000 6.000 0 86 90 -0.200 2
12 -15.000 0.000 -1.500 -1.000 6.000 0 86 90 -0.200 2
13 -15.000 0.000 1.500 -1.000 6.000 0 86 90 -0.200 2
14 -15.000 0.000 4.500 -1.000 6.000 0 86 90 -0.200 2
15 0.000 0.000 -8.000 4.000 3.000 -90 130 20 -0.500 3
16 0.000 0.000 8.000 4.000 3.000 90 130 20 -0.500 3
17 0.000 0.000 -8.000 3.000 2.000 -90 130 20 -0.600 3
18 0.000 0.000 8.000 3.000 2.000 90 130 20 -0.600 3
19 0.000 0.000 -3.000 -0.500 0.000 0 130 20 -0.600 3
20 0.000 0.000 3.000 -0.500 0.000 0 130 20 -0.500 3
21 0.000 0.000 -3.000 12.000 0.000 180 130 20 -0.600 3
22 0.000 0.000 3.000 12.000 0.000 180 130 20 -0.600 3
23 0.000 0.000 4.900 -0.500 7.000 0 180 0 0.000 4
