inputNames 1 VincentP_Vx
inputNames 2 RafaelP_pnoL
inputNames 3 RafaelP_pnoR
inputNames 4 input_4
inputNames 5 input_5
inputNames 6 Ines_Vx
inputNames 7 Pedro_gtr
inputNames 8 Gaspar_cello
inputNames 9 input_9
inputNames 10 input_10
inputNames 11 David_Vx
inputNames 12 RafaelR_gtr
inputNames 13 input_13
inputNames 14 input_14
inputNames 15 input_15
inputNames 16 input_16
inputNames 17 input_17
inputNames 18 input_18
inputNames 19 input_19
inputNames 20 input_20
inputNames 21 input_21
inputNames 22 input_22
inputNames 23 input_23
inputNames 24 input_24
inputNames 25 input_25
inputNames 26 Speak
inputNames 27 Hall_L
inputNames 28 Hall_R
inputNames 29 Room_L
inputNames 30 Room_R
inputNames 31 Plate
inputNames 32 Delay
inputOffset 1 0.000 0.000 0.000
inputJitter 1 0.000
inputLFO 1 0 1.000 0 0 1.000 0 0 1.000 0 0 1.000 0
1 0.000 0.000 0 2 0.819 1.593 0.000 1 1 1 0 0 0 0 0.000 -0.700 0 0 1.500 0.000 0 17.349 17.349 11.566 11.566 5.783 5.783 0.000 17.349 5.783 5.783 17.349 0.000 14.457 8.679 0.617 0.617 0.724 0.724 0.851 0.851 1.000 0.617 0.851 0.851 0.617 1.000 0.668 0.785 1 1 1 1 1 1 1 1 1 1 1 1 1 1
inputOffset 2 0.500 0.500 0.000
inputJitter 2 0.000
inputLFO 2 0 1.000 0 0 1.000 0 0 1.000 0 0 1.000 0
2 0.000 0.000 0 3 -0.375 2.411 0.000 1 1 1 0 0 0 0 0.000 -0.700 0 0 1.500 0.000 0 17.349 17.349 11.566 11.566 5.783 5.783 0.000 17.349 5.783 5.783 17.349 0.000 14.457 8.679 0.617 0.617 0.724 0.724 0.851 0.851 1.000 0.617 0.851 0.851 0.617 1.000 0.668 0.785 1 1 1 1 1 1 1 1 1 1 1 1 1 1
inputOffset 3 0.000 0.000 0.000
inputJitter 3 0.000
inputLFO 3 0 1.000 0 0 1.000 0 0 1.000 0 0 1.000 0
3 0.000 0.000 0 3 -0.375 2.411 0.000 1 1 1 0 0 0 0 0.000 -0.700 0 0 1.500 0.000 0 17.349 17.349 11.566 11.566 5.783 5.783 0.000 17.349 5.783 5.783 17.349 0.000 14.457 8.679 0.617 0.617 0.724 0.724 0.851 0.851 1.000 0.617 0.851 0.851 0.617 1.000 0.668 0.785 1 1 1 1 1 1 1 1 1 1 1 1 1 1
inputOffset 4 0.000 0.000 0.000
inputJitter 4 0.000
inputLFO 4 0 1.000 0 0 1.000 0 0 1.000 0 0 1.000 0
4 0.000 0.000 0 1 0.000 0.000 0.000 1 1 1 0 0 0 0 0.000 -0.700 0 0 1.500 0.000 0 17.349 17.349 11.566 11.566 5.783 5.783 0.000 17.349 5.783 5.783 17.349 0.000 14.457 8.679 0.617 0.617 0.724 0.724 0.851 0.851 1.000 0.617 0.851 0.851 0.617 1.000 0.668 0.785 1 1 1 1 1 1 1 1 1 1 1 1 1 1
inputOffset 5 0.000 0.000 0.000
inputJitter 5 0.000
inputLFO 5 0 1.000 0 0 1.000 0 0 1.000 0 0 1.000 0
5 0.000 0.000 0 1 0.000 0.000 0.000 1 1 1 0 0 0 0 0.000 -0.700 0 0 1.500 0.000 0 17.349 17.349 11.566 11.566 5.783 5.783 0.000 17.349 5.783 5.783 17.349 0.000 14.457 8.679 0.617 0.617 0.724 0.724 0.851 0.851 1.000 0.617 0.851 0.851 0.617 1.000 0.668 0.785 1 1 1 1 1 1 1 1 1 1 1 1 1 1
inputOffset 6 0.000 0.000 0.000
inputJitter 6 0.000
inputLFO 6 0 1.000 0 0 1.000 0 0 1.000 0 0 1.000 0
6 0.000 0.000 0 4 0.206 4.026 0.000 1 1 1 0 0 0 0 0.000 -0.700 0 0 1.500 0.000 0 17.349 17.349 11.566 11.566 5.783 5.783 0.000 17.349 5.783 5.783 17.349 0.000 14.457 8.679 0.617 0.617 0.724 0.724 0.851 0.851 1.000 0.617 0.851 0.851 0.617 1.000 0.668 0.785 1 1 1 1 1 1 1 1 1 1 1 1 1 1
inputOffset 7 0.000 0.000 0.000
inputJitter 7 0.000
inputLFO 7 0 1.000 0 0 1.000 0 0 1.000 0 0 1.000 0
7 0.000 0.000 0 5 -1.199 3.240 0.000 1 1 1 0 0 0 0 0.000 -0.700 0 0 1.500 0.000 0 17.349 17.349 11.566 11.566 5.783 5.783 0.000 17.349 5.783 5.783 17.349 0.000 14.457 8.679 0.617 0.617 0.724 0.724 0.851 0.851 1.000 0.617 0.851 0.851 0.617 1.000 0.668 0.785 1 1 1 1 1 1 1 1 1 1 1 1 1 1
inputOffset 8 0.000 0.000 0.000
inputJitter 8 0.000
inputLFO 8 0 1.000 0 0 1.000 0 0 1.000 0 0 1.000 0
8 0.000 0.000 0 6 1.664 3.005 0.000 1 1 1 0 0 0 0 0.000 -0.700 0 0 1.500 0.000 0 17.349 17.349 11.566 11.566 5.783 5.783 0.000 17.349 5.783 5.783 17.349 0.000 14.457 8.679 0.617 0.617 0.724 0.724 0.851 0.851 1.000 0.617 0.851 0.851 0.617 1.000 0.668 0.785 1 1 1 1 1 1 1 1 1 1 1 1 1 1
inputOffset 9 0.000 0.000 0.000
inputJitter 9 0.000
inputLFO 9 0 1.000 0 0 1.000 0 0 1.000 0 0 1.000 0
9 0.000 0.000 0 1 0.000 0.000 0.000 1 1 1 0 0 0 0 0.000 -0.700 0 0 1.500 0.000 0 17.349 17.349 11.566 11.566 5.783 5.783 0.000 17.349 5.783 5.783 17.349 0.000 14.457 8.679 0.617 0.617 0.724 0.724 0.851 0.851 1.000 0.617 0.851 0.851 0.617 1.000 0.668 0.785 1 1 1 1 1 1 1 1 1 1 1 1 1 1
inputOffset 10 0.000 0.000 0.000
inputJitter 10 0.000
inputLFO 10 0 1.000 0 0 1.000 0 0 1.000 0 0 1.000 0
10 0.000 0.000 0 1 0.000 0.000 0.000 1 1 1 0 0 0 0 0.000 -0.700 0 0 1.500 0.000 0 17.349 17.349 11.566 11.566 5.783 5.783 0.000 17.349 5.783 5.783 17.349 0.000 14.457 8.679 0.617 0.617 0.724 0.724 0.851 0.851 1.000 0.617 0.851 0.851 0.617 1.000 0.668 0.785 1 1 1 1 1 1 1 1 1 1 1 1 1 1
inputOffset 11 0.000 0.000 0.000
inputJitter 11 0.000
inputLFO 11 0 1.000 0 0 1.000 0 0 1.000 0 0 1.000 0
11 0.000 0.000 0 7 -0.993 1.589 0.000 1 1 1 0 0 0 0 0.000 -0.700 0 0 1.500 0.000 0 17.349 17.349 11.566 11.566 5.783 5.783 0.000 17.349 5.783 5.783 17.349 0.000 14.457 8.679 0.617 0.617 0.724 0.724 0.851 0.851 1.000 0.617 0.851 0.851 0.617 1.000 0.668 0.785 1 1 1 1 1 1 1 1 1 1 1 1 1 1
inputOffset 12 0.000 0.000 0.000
inputJitter 12 0.000
inputLFO 12 0 1.000 0 0 1.000 0 0 1.000 0 0 1.000 0
12 0.000 0.000 0 8 1.166 3.261 0.000 1 1 1 0 0 0 0 0.000 -0.700 0 0 1.500 0.000 0 17.349 17.349 11.566 11.566 5.783 5.783 0.000 17.349 5.783 5.783 17.349 0.000 14.457 8.679 0.617 0.617 0.724 0.724 0.851 0.851 1.000 0.617 0.851 0.851 0.617 1.000 0.668 0.785 1 1 1 1 1 1 1 1 1 1 1 1 1 1
inputOffset 13 0.000 0.000 0.000
inputJitter 13 0.000
inputLFO 13 0 1.000 0 0 1.000 0 0 1.000 0 0 1.000 0
13 0.000 0.000 0 1 0.000 0.000 0.000 1 1 1 0 0 0 0 0.000 -0.700 0 0 1.500 0.000 0 17.349 17.349 11.566 11.566 5.783 5.783 0.000 17.349 5.783 5.783 17.349 0.000 14.457 8.679 0.617 0.617 0.724 0.724 0.851 0.851 1.000 0.617 0.851 0.851 0.617 1.000 0.668 0.785 1 1 1 1 1 1 1 1 1 1 1 1 1 1
inputOffset 14 0.000 0.000 0.000
inputJitter 14 0.000
inputLFO 14 0 1.000 0 0 1.000 0 0 1.000 0 0 1.000 0
14 0.000 0.000 0 1 0.000 0.000 0.000 1 1 1 0 0 0 0 0.000 -0.700 0 0 1.500 0.000 0 17.349 17.349 11.566 11.566 5.783 5.783 0.000 17.349 5.783 5.783 17.349 0.000 14.457 8.679 0.617 0.617 0.724 0.724 0.851 0.851 1.000 0.617 0.851 0.851 0.617 1.000 0.668 0.785 1 1 1 1 1 1 1 1 1 1 1 1 1 1
inputOffset 15 0.000 0.000 0.000
inputJitter 15 0.000
inputLFO 15 0 1.000 0 0 1.000 0 0 1.000 0 0 1.000 0
15 0.000 0.000 0 1 0.000 0.000 0.000 1 1 1 0 0 0 0 0.000 -0.700 0 0 1.500 0.000 0 17.349 17.349 11.566 11.566 5.783 5.783 0.000 17.349 5.783 5.783 17.349 0.000 14.457 8.679 0.617 0.617 0.724 0.724 0.851 0.851 1.000 0.617 0.851 0.851 0.617 1.000 0.668 0.785 1 1 1 1 1 1 1 1 1 1 1 1 1 1
inputOffset 16 0.000 0.000 0.000
inputJitter 16 0.000
inputLFO 16 0 1.000 0 0 1.000 0 0 1.000 0 0 1.000 0
16 0.000 0.000 0 1 0.000 0.000 0.000 1 1 1 0 0 0 0 0.000 -0.700 0 0 1.500 0.000 0 17.349 17.349 11.566 11.566 5.783 5.783 0.000 17.349 5.783 5.783 17.349 0.000 14.457 8.679 0.617 0.617 0.724 0.724 0.851 0.851 1.000 0.617 0.851 0.851 0.617 1.000 0.668 0.785 1 1 1 1 1 1 1 1 1 1 1 1 1 1
inputOffset 17 0.000 0.000 0.000
inputJitter 17 0.000
inputLFO 17 0 1.000 0 0 1.000 0 0 1.000 0 0 1.000 0
17 0.000 0.000 0 1 0.000 0.000 0.000 1 1 1 0 0 0 0 0.000 -0.700 0 0 1.500 0.000 0 17.349 17.349 11.566 11.566 5.783 5.783 0.000 17.349 5.783 5.783 17.349 0.000 14.457 8.679 0.617 0.617 0.724 0.724 0.851 0.851 1.000 0.617 0.851 0.851 0.617 1.000 0.668 0.785 1 1 1 1 1 1 1 1 1 1 1 1 1 1
inputOffset 18 0.000 0.000 0.000
inputJitter 18 0.000
inputLFO 18 0 1.000 0 0 1.000 0 0 1.000 0 0 1.000 0
18 0.000 0.000 0 1 0.000 0.000 0.000 1 1 1 0 0 0 0 0.000 -0.700 0 0 1.500 0.000 0 17.349 17.349 11.566 11.566 5.783 5.783 0.000 17.349 5.783 5.783 17.349 0.000 14.457 8.679 0.617 0.617 0.724 0.724 0.851 0.851 1.000 0.617 0.851 0.851 0.617 1.000 0.668 0.785 1 1 1 1 1 1 1 1 1 1 1 1 1 1
inputOffset 19 0.000 0.000 0.000
inputJitter 19 0.000
inputLFO 19 0 1.000 0 0 1.000 0 0 1.000 0 0 1.000 0
19 0.000 0.000 0 1 0.000 0.000 0.000 1 1 1 0 0 0 0 0.000 -0.700 0 0 1.500 0.000 0 17.349 17.349 11.566 11.566 5.783 5.783 0.000 17.349 5.783 5.783 17.349 0.000 14.457 8.679 0.617 0.617 0.724 0.724 0.851 0.851 1.000 0.617 0.851 0.851 0.617 1.000 0.668 0.785 1 1 1 1 1 1 1 1 1 1 1 1 1 1
inputOffset 20 0.000 0.000 0.000
inputJitter 20 0.000
inputLFO 20 0 1.000 0 0 1.000 0 0 1.000 0 0 1.000 0
20 0.000 0.000 0 1 0.000 0.000 0.000 1 1 1 0 0 0 0 0.000 -0.700 0 0 1.500 0.000 0 17.349 17.349 11.566 11.566 5.783 5.783 0.000 17.349 5.783 5.783 17.349 0.000 14.457 8.679 0.617 0.617 0.724 0.724 0.851 0.851 1.000 0.617 0.851 0.851 0.617 1.000 0.668 0.785 1 1 1 1 1 1 1 1 1 1 1 1 1 1
inputOffset 21 0.000 0.000 0.000
inputJitter 21 0.000
inputLFO 21 0 1.000 0 0 1.000 0 0 1.000 0 0 1.000 0
21 0.000 0.000 0 1 0.000 0.000 0.000 1 1 1 0 0 0 0 0.000 -0.700 0 0 1.500 0.000 0 17.349 17.349 11.566 11.566 5.783 5.783 0.000 17.349 5.783 5.783 17.349 0.000 14.457 8.679 0.617 0.617 0.724 0.724 0.851 0.851 1.000 0.617 0.851 0.851 0.617 1.000 0.668 0.785 1 1 1 1 1 1 1 1 1 1 1 1 1 1
inputOffset 22 0.000 0.000 0.000
inputJitter 22 0.000
inputLFO 22 0 1.000 0 0 1.000 0 0 1.000 0 0 1.000 0
22 0.000 0.000 0 1 0.000 0.000 0.000 1 1 1 0 0 0 0 0.000 -0.700 0 0 1.500 0.000 0 17.349 17.349 11.566 11.566 5.783 5.783 0.000 17.349 5.783 5.783 17.349 0.000 14.457 8.679 0.617 0.617 0.724 0.724 0.851 0.851 1.000 0.617 0.851 0.851 0.617 1.000 0.668 0.785 1 1 1 1 1 1 1 1 1 1 1 1 1 1
inputOffset 23 0.000 0.000 0.000
inputJitter 23 0.000
inputLFO 23 0 1.000 0 0 1.000 0 0 1.000 0 0 1.000 0
23 0.000 0.000 0 1 0.000 0.000 0.000 1 1 1 0 0 0 0 0.000 -0.700 0 0 1.500 0.000 0 17.349 17.349 11.566 11.566 5.783 5.783 0.000 17.349 5.783 5.783 17.349 0.000 14.457 8.679 0.617 0.617 0.724 0.724 0.851 0.851 1.000 0.617 0.851 0.851 0.617 1.000 0.668 0.785 1 1 1 1 1 1 1 1 1 1 1 1 1 1
inputOffset 24 0.000 0.000 0.000
inputJitter 24 0.000
inputLFO 24 0 1.000 0 0 1.000 0 0 1.000 0 0 1.000 0
24 0.000 0.000 0 1 0.000 0.000 0.000 1 1 1 0 0 0 0 0.000 -0.700 0 0 1.500 0.000 0 17.349 17.349 11.566 11.566 5.783 5.783 0.000 17.349 5.783 5.783 17.349 0.000 14.457 8.679 0.617 0.617 0.724 0.724 0.851 0.851 1.000 0.617 0.851 0.851 0.617 1.000 0.668 0.785 1 1 1 1 1 1 1 1 1 1 1 1 1 1
inputOffset 25 0.000 0.000 0.000
inputJitter 25 0.000
inputLFO 25 0 1.000 0 0 1.000 0 0 1.000 0 0 1.000 0
25 0.000 0.000 0 1 0.000 0.000 0.000 1 1 1 0 0 0 0 0.000 -0.700 0 0 1.500 0.000 0 17.349 17.349 11.566 11.566 5.783 5.783 0.000 17.349 5.783 5.783 17.349 0.000 14.457 8.679 0.617 0.617 0.724 0.724 0.851 0.851 1.000 0.617 0.851 0.851 0.617 1.000 0.668 0.785 1 1 1 1 1 1 1 1 1 1 1 1 1 1
inputOffset 26 0.000 0.000 0.000
inputJitter 26 0.000
inputLFO 26 0 1.000 0 0 1.000 0 0 1.000 0 0 1.000 0
26 0.000 0.000 0 11 5.725 0.200 0.000 1 1 1 0 0 0 0 0.000 -0.700 0 0 1.500 0.000 0 17.349 17.349 11.566 11.566 5.783 5.783 0.000 17.349 5.783 5.783 17.349 0.000 14.457 8.679 0.617 0.617 0.724 0.724 0.851 0.851 1.000 0.617 0.851 0.851 0.617 1.000 0.668 0.785 1 1 1 1 1 1 1 1 1 1 1 1 1 1
inputOffset 27 0.000 0.000 0.000
inputJitter 27 0.000
inputLFO 27 0 1.000 0 0 1.000 0 0 1.000 0 0 1.000 0
27 0.000 0.000 0 9 0.053 11.937 0.000 1 1 1 0 0 0 0 0.000 -0.200 0 0 1.500 0.000 0 17.349 17.349 11.566 11.566 5.783 5.783 0.000 17.349 5.783 5.783 17.349 0.000 14.457 8.679 0.617 0.617 0.724 0.724 0.851 0.851 1.000 0.617 0.851 0.851 0.617 1.000 0.668 0.785 1 1 1 1 1 1 1 1 1 1 1 1 1 1
inputOffset 28 0.000 0.000 0.000
inputJitter 28 0.000
inputLFO 28 0 1.000 0 0 1.000 0 0 1.000 0 0 1.000 0
28 0.000 0.000 0 9 0.053 11.937 0.000 1 1 1 1 0 0 0 0.000 -0.200 0 0 1.500 0.000 0 17.349 17.349 11.566 11.566 5.783 5.783 0.000 17.349 5.783 5.783 17.349 0.000 14.457 8.679 0.617 0.617 0.724 0.724 0.851 0.851 1.000 0.617 0.851 0.851 0.617 1.000 0.668 0.785 1 1 1 1 1 1 1 1 1 1 1 1 1 1
inputOffset 29 0.000 0.000 0.000
inputJitter 29 0.000
inputLFO 29 0 1.000 0 0 1.000 0 0 1.000 0 0 1.000 0
29 0.000 0.000 0 10 0.190 6.244 0.000 1 1 1 0 0 0 0 0.000 -0.300 0 0 1.500 0.000 0 25.423 24.661 21.743 21.150 19.133 18.798 18.063 25.423 19.133 18.798 24.661 18.063 22.790 26.742 0.738 0.745 0.771 0.777 0.796 0.799 0.806 0.738 0.796 0.799 0.745 0.806 0.762 0.727 1 1 1 1 1 1 1 1 1 1 1 1 1 1
inputOffset 30 0.000 0.000 0.000
inputJitter 30 0.000
inputLFO 30 0 1.000 0 0 1.000 0 0 1.000 0 0 1.000 0
30 0.000 0.000 0 10 0.190 6.244 0.000 1 1 1 1 0 0 0 0.000 -0.300 0 0 1.500 0.000 0 20.736 15.189 15.151 9.834 9.798 5.439 5.418 20.736 9.798 5.439 15.189 5.418 12.464 13.640 0.561 0.655 0.656 0.760 0.761 0.859 0.860 0.561 0.761 0.859 0.655 0.860 0.707 0.684 1 1 1 1 1 1 1 1 1 1 1 1 1 1
inputOffset 31 0.000 0.000 0.000
inputJitter 31 0.000
inputLFO 31 0 1.000 0 0 1.000 0 0 1.000 0 0 1.000 0
31 0.000 0.000 0 10 0.190 6.244 0.000 1 1 1 0 0 0 0 0.000 -0.300 0 0 1.500 0.000 0 25.423 24.661 21.743 21.150 19.133 18.798 18.063 25.423 19.133 18.798 24.661 18.063 22.790 26.742 0.738 0.745 0.771 0.777 0.796 0.799 0.806 0.738 0.796 0.799 0.745 0.806 0.762 0.727 1 1 1 1 1 1 1 1 1 1 1 1 1 1
inputOffset 32 0.000 0.000 0.000
inputJitter 32 0.000
inputLFO 32 0 1.000 0 0 1.000 0 0 1.000 0 0 1.000 0
32 0.000 0.000 0 1 0.000 6.000 0.000 1 1 1 0 0 0 0 0.000 -0.300 0 0 1.500 0.000 0 17.349 17.349 11.566 11.566 5.783 5.783 0.000 17.349 5.783 5.783 17.349 0.000 14.457 8.679 0.617 0.617 0.724 0.724 0.851 0.851 1.000 0.617 0.851 0.851 0.617 1.000 0.668 0.785 1 1 1 1 1 1 1 1 1 1 1 1 1 1
