inputNames 1 VincentP_Vx
inputNames 2 RafaelP_pnoL
inputNames 3 RafaelP_pnoR
inputNames 4 input_4
inputNames 5 input_5
inputNames 6 Ines_Vx
inputNames 7 Pedro_gtr
inputNames 8 Gaspar_cello
inputNames 9 input_9
inputNames 10 input_10
inputNames 11 David_Vx
inputNames 12 RafaelR_gtr
inputNames 13 input_13
inputNames 14 input_14
inputNames 15 input_15
inputNames 16 input_16
inputNames 17 input_17
inputNames 18 input_18
inputNames 19 input_19
inputNames 20 input_20
inputNames 21 input_21
inputNames 22 input_22
inputNames 23 input_23
inputNames 24 input_24
inputNames 25 input_25
inputNames 26 Speak
inputNames 27 Hall_L
inputNames 28 Hall_R
inputNames 29 Room_L
inputNames 30 Room_R
inputNames 31 Plate
inputNames 32 Delay
inputNames 1
inputNames 2
inputOffset 1 0.000 0.000 0.000
inputJitter 1 0.000
inputLFO 1 0 1.000 0 0 1.000 0 0 1.000 0 0 1.000 0
1 0.000 0.000 0 6 0.519 1.593 1.801 1 1 1 0 0 0 100 0.000 -1.586 0 0 38.717 -2.757 1 20.362 17.041 15.057 11.996 10.280 8.017 7.178 24.769 17.452 16.223 22.120 28.766 14.450 14.415 0.277 0.341 0.387 0.469 0.523 0.603 0.636 0.209 0.332 0.359 0.247 0.163 0.402 0.402 1 1 1 1 1 1 1 1 1 1 1 1 1 1
inputOffset 2 0.500 0.500 0.000
inputJitter 2 0.000
inputLFO 2 0 1.000 0 0 1.000 0 0 1.000 0 0 1.000 0
2 0.000 0.000 0 3 -0.375 2.411 0.000 1 1 1 0 0 0 0 0.000 -0.700 0 0 1.500 0.000 0 19.609 18.958 14.598 14.014 10.421 10.012 8.425 23.841 17.103 16.857 23.309 17.640 16.418 17.104 0.579 0.590 0.666 0.677 0.748 0.757 0.791 0.515 0.621 0.625 0.522 0.612 0.633 0.621 1 1 1 1 1 1 1 1 1 1 1 1 1 1
inputOffset 3 0.000 0.000 0.000
inputJitter 3 0.000
inputLFO 3 0 1.000 0 0 1.000 0 0 1.000 0 0 1.000 0
3 0.000 0.000 0 3 -0.375 2.411 0.000 1 1 1 0 0 0 0 0.000 -0.700 0 0 1.500 0.000 0 17.696 19.707 12.588 14.444 8.407 9.786 7.055 22.294 15.956 16.723 23.922 17.029 17.034 15.666 0.611 0.577 0.704 0.669 0.791 0.761 0.821 0.537 0.641 0.627 0.513 0.622 0.622 0.646 1 1 1 1 1 1 1 1 1 1 1 1 1 1
inputOffset 4 0.000 0.000 0.000
inputJitter 4 0.000
inputLFO 4 0 1.000 0 0 1.000 0 0 1.000 0 0 1.000 0
4 0.000 0.000 0 1 0.000 0.000 0.000 1 1 1 0 0 0 0 0.000 -0.700 0 0 1.500 0.000 0 17.349 17.349 11.566 11.566 5.783 5.783 0.000 17.349 5.783 5.783 17.349 0.000 14.457 8.679 0.617 0.617 0.724 0.724 0.851 0.851 1.000 0.617 0.851 0.851 0.617 1.000 0.668 0.785 1 1 1 1 1 1 1 1 1 1 1 1 1 1
inputOffset 5 0.000 0.000 0.000
inputJitter 5 0.000
inputLFO 5 0 1.000 0 0 1.000 0 0 1.000 0 0 1.000 0
5 0.000 0.000 0 1 0.000 0.000 0.000 1 1 1 0 0 0 0 0.000 -0.700 0 0 1.500 0.000 0 17.349 17.349 11.566 11.566 5.783 5.783 0.000 17.349 5.783 5.783 17.349 0.000 14.457 8.679 0.617 0.617 0.724 0.724 0.851 0.851 1.000 0.617 0.851 0.851 0.617 1.000 0.668 0.785 1 1 1 1 1 1 1 1 1 1 1 1 1 1
inputOffset 6 0.000 0.000 0.000
inputJitter 6 0.000
inputLFO 6 0 1.000 0 0 1.000 0 0 1.000 0 0 1.000 0
6 0.000 0.000 0 4 0.206 4.026 0.000 1 1 1 0 0 0 0 0.000 -0.700 0 0 1.500 0.000 0 21.390 20.401 16.835 15.996 13.274 12.745 11.656 21.390 13.274 12.745 20.401 11.656 18.101 20.335 0.551 0.566 0.625 0.640 0.691 0.701 0.723 0.551 0.691 0.701 0.566 0.723 0.604 0.567 1 1 1 1 1 1 1 1 1 1 1 1 1 1
inputOffset 7 0.000 0.000 0.000
inputJitter 7 0.000
inputLFO 7 0 1.000 0 0 1.000 0 0 1.000 0 0 1.000 0
7 0.000 0.000 0 5 -1.199 3.240 0.000 1 1 1 0 0 0 0 0.000 -0.700 0 0 1.500 0.000 0 16.747 22.827 12.384 17.713 9.650 13.165 9.989 16.747 9.650 13.165 22.827 9.989 20.225 18.321 0.627 0.529 0.708 0.610 0.764 0.693 0.757 0.627 0.764 0.693 0.529 0.757 0.569 0.600 1 1 1 1 1 1 1 1 1 1 1 1 1 1
inputOffset 8 0.000 0.000 0.000
inputJitter 8 0.000
inputLFO 8 0 1.000 0 0 1.000 0 0 1.000 0 0 1.000 0
8 0.000 0.000 0 6 0.519 3.005 0.000 1 1 1 0 0 0 0 0.000 -0.700 0 0 1.500 0.000 0 21.019 17.821 15.933 13.079 11.526 9.563 8.871 21.019 11.526 9.563 17.821 8.871 15.361 17.487 0.557 0.609 0.641 0.695 0.725 0.766 0.781 0.557 0.725 0.766 0.609 0.781 0.652 0.614 1 1 1 1 1 1 1 1 1 1 1 1 1 1
inputOffset 9 0.000 0.000 0.000
inputJitter 9 0.000
inputLFO 9 0 1.000 0 0 1.000 0 0 1.000 0 0 1.000 0
9 0.000 0.000 0 1 0.000 0.000 0.000 1 1 1 0 0 0 0 0.000 -0.700 0 0 1.500 0.000 0 17.349 17.349 11.566 11.566 5.783 5.783 0.000 17.349 5.783 5.783 17.349 0.000 14.457 8.679 0.617 0.617 0.724 0.724 0.851 0.851 1.000 0.617 0.851 0.851 0.617 1.000 0.668 0.785 1 1 1 1 1 1 1 1 1 1 1 1 1 1
inputOffset 10 0.000 0.000 0.000
inputJitter 10 0.000
inputLFO 10 0 1.000 0 0 1.000 0 0 1.000 0 0 1.000 0
10 0.000 0.000 0 1 0.000 0.000 0.000 1 1 1 0 0 0 0 0.000 -0.700 0 0 1.500 0.000 0 17.349 17.349 11.566 11.566 5.783 5.783 0.000 17.349 5.783 5.783 17.349 0.000 14.457 8.679 0.617 0.617 0.724 0.724 0.851 0.851 1.000 0.617 0.851 0.851 0.617 1.000 0.668 0.785 1 1 1 1 1 1 1 1 1 1 1 1 1 1
inputOffset 11 0.000 0.000 0.000
inputJitter 11 0.000
inputLFO 11 0 1.000 0 0 1.000 0 0 1.000 0 0 1.000 0
11 0.000 0.000 0 7 -0.993 1.589 0.000 1 1 1 0 0 0 0 0.000 -0.700 0 0 1.500 0.000 0 15.189 20.736 9.834 15.151 5.439 9.798 5.418 15.189 5.439 9.798 20.736 5.418 17.927 13.518 0.655 0.561 0.760 0.656 0.859 0.761 0.860 0.655 0.859 0.761 0.561 0.860 0.607 0.686 1 1 1 1 1 1 1 1 1 1 1 1 1 1
inputOffset 12 0.000 0.000 0.000
inputJitter 12 0.000
inputLFO 12 0 1.000 0 0 1.000 0 0 1.000 0 0 1.000 0
12 0.000 0.000 0 8 1.166 3.261 0.000 1 1 1 0 0 0 0 0.000 -0.700 0 0 1.500 0.000 0 22.765 16.860 17.664 12.492 13.142 9.733 10.014 22.765 13.142 9.733 16.860 10.014 14.554 18.470 0.530 0.625 0.611 0.706 0.693 0.762 0.756 0.530 0.693 0.762 0.625 0.756 0.667 0.598 1 1 1 1 1 1 1 1 1 1 1 1 1 1
inputOffset 13 0.000 0.000 0.000
inputJitter 13 0.000
inputLFO 13 0 1.000 0 0 1.000 0 0 1.000 0 0 1.000 0
13 0.000 0.000 0 1 0.000 0.000 0.000 1 1 1 0 0 0 0 0.000 -0.700 0 0 1.500 0.000 0 17.349 17.349 11.566 11.566 5.783 5.783 0.000 17.349 5.783 5.783 17.349 0.000 14.457 8.679 0.617 0.617 0.724 0.724 0.851 0.851 1.000 0.617 0.851 0.851 0.617 1.000 0.668 0.785 1 1 1 1 1 1 1 1 1 1 1 1 1 1
inputOffset 14 0.000 0.000 0.000
inputJitter 14 0.000
inputLFO 14 0 1.000 0 0 1.000 0 0 1.000 0 0 1.000 0
14 0.000 0.000 0 1 0.000 0.000 0.000 1 1 1 0 0 0 0 0.000 -0.700 0 0 1.500 0.000 0 17.349 17.349 11.566 11.566 5.783 5.783 0.000 17.349 5.783 5.783 17.349 0.000 14.457 8.679 0.617 0.617 0.724 0.724 0.851 0.851 1.000 0.617 0.851 0.851 0.617 1.000 0.668 0.785 1 1 1 1 1 1 1 1 1 1 1 1 1 1
inputOffset 15 0.000 0.000 0.000
inputJitter 15 0.000
inputLFO 15 0 1.000 0 0 1.000 0 0 1.000 0 0 1.000 0
15 0.000 0.000 0 1 0.000 0.000 0.000 1 1 1 0 0 0 0 0.000 -0.700 0 0 1.500 0.000 0 17.349 17.349 11.566 11.566 5.783 5.783 0.000 17.349 5.783 5.783 17.349 0.000 14.457 8.679 0.617 0.617 0.724 0.724 0.851 0.851 1.000 0.617 0.851 0.851 0.617 1.000 0.668 0.785 1 1 1 1 1 1 1 1 1 1 1 1 1 1
inputOffset 16 0.000 0.000 0.000
inputJitter 16 0.000
inputLFO 16 0 1.000 0 0 1.000 0 0 1.000 0 0 1.000 0
16 0.000 0.000 0 1 0.000 0.000 0.000 1 1 1 0 0 0 0 0.000 -0.700 0 0 1.500 0.000 0 17.349 17.349 11.566 11.566 5.783 5.783 0.000 17.349 5.783 5.783 17.349 0.000 14.457 8.679 0.617 0.617 0.724 0.724 0.851 0.851 1.000 0.617 0.851 0.851 0.617 1.000 0.668 0.785 1 1 1 1 1 1 1 1 1 1 1 1 1 1
inputOffset 17 0.000 0.000 0.000
inputJitter 17 0.000
inputLFO 17 0 1.000 0 0 1.000 0 0 1.000 0 0 1.000 0
17 0.000 0.000 0 1 0.000 0.000 0.000 1 1 1 0 0 0 0 0.000 -0.700 0 0 1.500 0.000 0 17.349 17.349 11.566 11.566 5.783 5.783 0.000 17.349 5.783 5.783 17.349 0.000 14.457 8.679 0.617 0.617 0.724 0.724 0.851 0.851 1.000 0.617 0.851 0.851 0.617 1.000 0.668 0.785 1 1 1 1 1 1 1 1 1 1 1 1 1 1
inputOffset 18 0.000 0.000 0.000
inputJitter 18 0.000
inputLFO 18 0 1.000 0 0 1.000 0 0 1.000 0 0 1.000 0
18 0.000 0.000 0 1 0.000 0.000 0.000 1 1 1 0 0 0 0 0.000 -0.700 0 0 1.500 0.000 0 17.349 17.349 11.566 11.566 5.783 5.783 0.000 17.349 5.783 5.783 17.349 0.000 14.457 8.679 0.617 0.617 0.724 0.724 0.851 0.851 1.000 0.617 0.851 0.851 0.617 1.000 0.668 0.785 1 1 1 1 1 1 1 1 1 1 1 1 1 1
inputOffset 19 0.000 0.000 0.000
inputJitter 19 0.000
inputLFO 19 0 1.000 0 0 1.000 0 0 1.000 0 0 1.000 0
19 0.000 0.000 0 1 0.000 0.000 0.000 1 1 1 0 0 0 0 0.000 -0.700 0 0 1.500 0.000 0 17.349 17.349 11.566 11.566 5.783 5.783 0.000 17.349 5.783 5.783 17.349 0.000 14.457 8.679 0.617 0.617 0.724 0.724 0.851 0.851 1.000 0.617 0.851 0.851 0.617 1.000 0.668 0.785 1 1 1 1 1 1 1 1 1 1 1 1 1 1
inputOffset 20 0.000 0.000 0.000
inputJitter 20 0.000
inputLFO 20 0 1.000 0 0 1.000 0 0 1.000 0 0 1.000 0
20 0.000 0.000 0 1 0.000 0.000 0.000 1 1 1 0 0 0 0 0.000 -0.700 0 0 1.500 0.000 0 17.349 17.349 11.566 11.566 5.783 5.783 0.000 17.349 5.783 5.783 17.349 0.000 14.457 8.679 0.617 0.617 0.724 0.724 0.851 0.851 1.000 0.617 0.851 0.851 0.617 1.000 0.668 0.785 1 1 1 1 1 1 1 1 1 1 1 1 1 1
inputOffset 21 0.000 0.000 0.000
inputJitter 21 0.000
inputLFO 21 0 1.000 0 0 1.000 0 0 1.000 0 0 1.000 0
21 0.000 0.000 0 1 0.000 0.000 0.000 1 1 1 0 0 0 0 0.000 -0.700 0 0 1.500 0.000 0 17.349 17.349 11.566 11.566 5.783 5.783 0.000 17.349 5.783 5.783 17.349 0.000 14.457 8.679 0.617 0.617 0.724 0.724 0.851 0.851 1.000 0.617 0.851 0.851 0.617 1.000 0.668 0.785 1 1 1 1 1 1 1 1 1 1 1 1 1 1
inputOffset 22 0.000 0.000 0.000
inputJitter 22 0.000
inputLFO 22 0 1.000 0 0 1.000 0 0 1.000 0 0 1.000 0
22 0.000 0.000 0 1 0.000 0.000 0.000 1 1 1 0 0 0 0 0.000 -0.700 0 0 1.500 0.000 0 17.349 17.349 11.566 11.566 5.783 5.783 0.000 17.349 5.783 5.783 17.349 0.000 14.457 8.679 0.617 0.617 0.724 0.724 0.851 0.851 1.000 0.617 0.851 0.851 0.617 1.000 0.668 0.785 1 1 1 1 1 1 1 1 1 1 1 1 1 1
inputOffset 23 0.000 0.000 0.000
inputJitter 23 0.000
inputLFO 23 0 1.000 0 0 1.000 0 0 1.000 0 0 1.000 0
23 0.000 0.000 0 1 0.000 0.000 0.000 1 1 1 0 0 0 0 0.000 -0.700 0 0 1.500 0.000 0 17.349 17.349 11.566 11.566 5.783 5.783 0.000 17.349 5.783 5.783 17.349 0.000 14.457 8.679 0.617 0.617 0.724 0.724 0.851 0.851 1.000 0.617 0.851 0.851 0.617 1.000 0.668 0.785 1 1 1 1 1 1 1 1 1 1 1 1 1 1
inputOffset 24 0.000 0.000 0.000
inputJitter 24 0.000
inputLFO 24 0 1.000 0 0 1.000 0 0 1.000 0 0 1.000 0
24 0.000 0.000 0 1 0.000 0.000 0.000 1 1 1 0 0 0 0 0.000 -0.700 0 0 1.500 0.000 0 17.349 17.349 11.566 11.566 5.783 5.783 0.000 17.349 5.783 5.783 17.349 0.000 14.457 8.679 0.617 0.617 0.724 0.724 0.851 0.851 1.000 0.617 0.851 0.851 0.617 1.000 0.668 0.785 1 1 1 1 1 1 1 1 1 1 1 1 1 1
inputOffset 25 0.000 0.000 0.000
inputJitter 25 0.000
inputLFO 25 0 1.000 0 0 1.000 0 0 1.000 0 0 1.000 0
25 0.000 0.000 0 1 0.000 0.000 0.000 1 1 1 0 0 0 0 0.000 -0.700 0 0 1.500 0.000 0 17.349 17.349 11.566 11.566 5.783 5.783 0.000 17.349 5.783 5.783 17.349 0.000 14.457 8.679 0.617 0.617 0.724 0.724 0.851 0.851 1.000 0.617 0.851 0.851 0.617 1.000 0.668 0.785 1 1 1 1 1 1 1 1 1 1 1 1 1 1
inputOffset 26 0.000 0.000 0.000
inputJitter 26 0.000
inputLFO 26 0 1.000 0 0 1.000 0 0 1.000 0 0 1.000 0
26 0.000 0.000 0 11 5.725 0.200 0.000 1 1 1 0 0 0 0 0.000 -0.700 0 0 1.500 0.000 0 33.908 0.983 28.126 5.021 22.344 10.786 16.564 33.908 22.344 10.786 0.983 16.564 2.175 19.217 0.389 0.973 0.457 0.869 0.536 0.740 0.630 0.389 0.536 0.740 0.973 0.630 0.941 0.585 1 1 1 1 1 1 1 1 1 1 1 1 1 1
inputOffset 27 0.000 0.000 0.000
inputJitter 27 0.000
inputLFO 27 0 1.000 0 0 1.000 0 0 1.000 0 0 1.000 0
27 0.000 0.000 0 9 0.053 11.937 0.000 1 1 1 0 0 0 0 0.000 -0.200 0 0 1.500 0.000 0 38.699 38.562 36.451 36.353 35.022 34.972 34.516 38.699 35.022 34.972 38.562 34.516 37.362 43.192 0.735 0.736 0.748 0.749 0.757 0.757 0.760 0.735 0.757 0.757 0.736 0.760 0.743 0.709 1 1 1 1 1 1 1 1 1 1 1 1 1 1
inputOffset 28 0.000 0.000 0.000
inputJitter 28 0.000
inputLFO 28 0 1.000 0 0 1.000 0 0 1.000 0 0 1.000 0
28 0.000 0.000 0 9 0.053 11.937 0.000 1 1 1 1 0 0 0 0.000 -0.200 0 0 1.500 0.000 0 38.562 38.699 36.353 36.451 34.972 35.022 34.516 38.562 34.972 35.022 38.699 34.516 37.481 43.190 0.736 0.735 0.749 0.748 0.757 0.757 0.760 0.736 0.757 0.757 0.735 0.760 0.742 0.709 1 1 1 1 1 1 1 1 1 1 1 1 1 1
inputOffset 29 0.000 0.000 0.000
inputJitter 29 0.000
inputLFO 29 0 1.000 0 0 1.000 0 0 1.000 0 0 1.000 0
29 0.000 0.000 0 10 0.190 6.244 0.000 1 1 1 0 0 0 0 0.000 -0.300 0 0 1.500 0.000 0 25.423 24.661 21.743 21.150 19.133 18.798 18.063 25.423 19.133 18.798 24.661 18.063 22.790 26.742 0.738 0.745 0.771 0.777 0.796 0.799 0.806 0.738 0.796 0.799 0.745 0.806 0.762 0.727 1 1 1 1 1 1 1 1 1 1 1 1 1 1
inputOffset 30 0.000 0.000 0.000
inputJitter 30 0.000
inputLFO 30 0 1.000 0 0 1.000 0 0 1.000 0 0 1.000 0
30 0.000 0.000 0 10 0.190 6.244 0.000 1 1 1 1 0 0 0 0.000 -0.300 0 0 1.500 0.000 0 24.661 25.423 21.150 21.743 18.798 19.133 18.063 24.661 18.798 19.133 25.423 18.063 23.477 26.730 0.745 0.738 0.777 0.771 0.799 0.796 0.806 0.745 0.799 0.796 0.738 0.806 0.755 0.727 1 1 1 1 1 1 1 1 1 1 1 1 1 1
inputOffset 31 0.000 0.000 0.000
inputJitter 31 0.000
inputLFO 31 0 1.000 0 0 1.000 0 0 1.000 0 0 1.000 0
31 0.000 0.000 0 10 0.190 6.244 0.000 1 1 1 0 0 0 0 0.000 -0.300 0 0 1.500 0.000 0 25.423 24.661 21.743 21.150 19.133 18.798 18.063 25.423 19.133 18.798 24.661 18.063 22.790 26.742 0.738 0.745 0.771 0.777 0.796 0.799 0.806 0.738 0.796 0.799 0.745 0.806 0.762 0.727 1 1 1 1 1 1 1 1 1 1 1 1 1 1
inputOffset 32 0.000 0.000 0.000
inputJitter 32 0.000
inputLFO 32 0 1.000 0 0 1.000 0 0 1.000 0 0 1.000 0
32 0.000 0.000 0 1 0.000 6.000 0.000 1 1 1 0 0 0 0 0.000 -0.300 0 0 1.500 0.000 0 24.535 24.535 20.851 20.851 18.287 18.287 17.349 24.535 18.287 18.287 24.535 17.349 22.583 26.025 0.746 0.746 0.780 0.780 0.804 0.804 0.813 0.746 0.804 0.804 0.746 0.813 0.764 0.733 1 1 1 1 1 1 1 1 1 1 1 1 1 1
