outputNames 1 FF_1
outputNames 2 FF_7
outputNames 3 FF_2
outputNames 4 FF_6
outputNames 5 FF_3
outputNames 6 FF_5
outputNames 7 FF_4
outputNames 8 Main_1
outputNames 9 Main_2
outputNames 10 Main_3
outputNames 11 Main_4
outputNames 12 Sub
outputNames 13 HdPh_L
outputNames 14 HdPh_R
1 0.000 0.000 -6.000 0.000 0.000 -0.300
2 0.000 0.000 6.000 0.000 0.000 -0.300
3 0.000 0.000 -4.000 0.000 0.000 -0.300
4 0.000 0.000 4.000 0.000 0.000 -0.300
5 0.000 0.000 -2.000 0.000 0.000 -0.300
6 0.000 0.000 2.000 0.000 0.000 -0.300
7 0.000 0.000 0.000 0.000 0.000 -0.300
8 -14.500 -5.000 -6.000 0.000 7.000 -0.200
9 -14.500 -5.000 -2.000 0.000 7.000 -0.200
10 -14.500 -5.000 2.000 0.000 7.000 -0.200
11 -14.500 -5.000 6.000 0.000 7.000 -0.200
12 0.000 -10.000 0.000 0.000 -8.000 0.000
13 0.000 0.000 5.000 0.000 0.000 0.000
14 0.000 0.000 -0.100 -3.000 0.000 -0.200
