inputNames 1 input_1
inputNames 2 input_2
inputNames 3 input_3
inputNames 4 input_4
inputNames 5 input_5
inputNames 6 input_6
inputNames 7 input_7
inputNames 8 input_8
inputNames 9 input_9
inputNames 10 input_10
inputNames 11 input_11
inputNames 12 input_12
inputNames 13 input_13
inputNames 14 input_14
inputNames 15 input_15
inputNames 16 input_16
inputNames 17 input_17
inputNames 18 input_18
inputNames 19 input_19
inputNames 20 input_20
inputNames 21 input_21
inputNames 22 input_22
inputNames 23 input_23
inputNames 24 input_24
inputNames 25 input_25
inputNames 26 input_26
inputNames 27 Hall_L
inputNames 28 Hall_R
inputNames 29 Room_L
inputNames 30 Room_R
inputNames 31 Plate
inputNames 32 Delay
inputOffset 1 0.000 0.000 0.000
inputJitter 1 0.000
inputLFO 1 0 1.000 0 0 1.000 0 0 1.000 0 0 1.000 0
1 0.000 0.000 0 2 -0.869 2.163 0.000 1 1 1 0 0 0 0 0.000 -0.700 0 0 1.500 0.000 0 16.100 20.823 11.003 15.405 7.057 10.389 6.739 16.100 7.057 10.389 20.823 6.739 18.085 15.093 0.638 0.560 0.736 0.651 0.821 0.749 0.829 0.638 0.821 0.749 0.560 0.829 0.604 0.657 1 1 1 1 1 1 1 1 1 1 1 1 1 1
inputOffset 2 0.000 0.000 0.000
inputJitter 2 0.000
inputLFO 2 0 1.000 0 0 1.000 0 0 1.000 0 0 1.000 0
2 0.000 0.000 0 3 0.188 2.709 0.000 1 1 1 0 0 0 0 0.000 -0.700 0 0 1.500 0.000 0 19.533 18.541 14.423 13.522 10.069 9.423 7.852 19.533 10.069 9.423 18.541 7.852 15.967 16.528 0.580 0.596 0.669 0.686 0.755 0.769 0.803 0.580 0.755 0.769 0.596 0.803 0.641 0.631 1 1 1 1 1 1 1 1 1 1 1 1 1 1
inputOffset 3 0.000 0.000 0.000
inputJitter 3 0.000
inputLFO 3 0 1.000 0 0 1.000 0 0 1.000 0 0 1.000 0
3 0.000 0.000 0 4 1.034 1.868 0.000 1 1 1 0 0 0 0 0.000 -0.700 0 0 1.500 0.000 0 21.044 15.341 15.526 10.135 10.302 6.080 6.173 21.044 10.302 6.080 15.341 6.173 12.675 14.452 0.556 0.652 0.649 0.754 0.750 0.844 0.842 0.556 0.750 0.844 0.652 0.842 0.702 0.668 1 1 1 1 1 1 1 1 1 1 1 1 1 1
inputOffset 4 0.000 0.000 0.000
inputJitter 4 0.000
inputLFO 4 0 1.000 0 0 1.000 0 0 1.000 0 0 1.000 0
4 0.000 0.000 0 5 -7.664 11.888 0.000 1 1 1 0 0 0 0 0.000 -0.500 0 0 1.500 0.000 0 34.708 52.368 35.968 48.155 38.075 44.298 40.897 34.708 38.075 44.298 52.368 40.897 50.223 48.284 0.436 0.286 0.423 0.317 0.403 0.347 0.376 0.436 0.403 0.347 0.286 0.376 0.301 0.316 1 1 1 1 1 1 1 1 1 1 1 1 1 1
inputOffset 5 0.000 0.000 0.000
inputJitter 5 0.000
inputLFO 5 0 1.000 0 0 1.000 0 0 1.000 0 0 1.000 0
5 0.000 0.000 0 5 -7.664 11.888 0.000 1 1 1 1 0 0 0 0.000 -0.500 0 0 1.500 0.000 0 52.368 34.708 48.155 35.968 44.298 38.075 40.897 52.368 44.298 38.075 34.708 40.897 35.225 48.549 0.286 0.436 0.317 0.423 0.347 0.403 0.376 0.286 0.347 0.403 0.436 0.376 0.431 0.314 1 1 1 1 1 1 1 1 1 1 1 1 1 1
inputOffset 6 0.000 0.000 0.000
inputJitter 6 0.000
inputLFO 6 0 1.000 0 0 1.000 0 0 1.000 0 0 1.000 0
6 0.000 0.000 0 6 2.929 0.157 0.000 1 1 1 0 0 0 0 0.000 -0.400 0 0 1.500 0.000 0 25.823 8.890 20.041 3.129 14.260 2.725 8.482 25.823 14.260 2.725 8.890 8.482 6.004 12.651 0.663 0.868 0.727 0.951 0.797 0.958 0.874 0.663 0.797 0.958 0.868 0.874 0.909 0.818 1 1 1 1 1 1 1 1 1 1 1 1 1 1
inputOffset 7 0.000 0.000 0.000
inputJitter 7 0.000
inputLFO 7 0 1.000 0 0 1.000 0 0 1.000 0 0 1.000 0
7 0.000 0.000 0 7 -2.888 0.287 0.000 1 1 1 0 0 0 0 0.000 -0.400 0 0 1.500 0.000 0 9.038 25.711 3.322 19.932 2.697 14.157 8.390 9.038 2.697 14.157 25.711 8.390 22.822 12.462 0.866 0.664 0.948 0.728 0.958 0.798 0.875 0.866 0.958 0.798 0.664 0.875 0.695 0.820 1 1 1 1 1 1 1 1 1 1 1 1 1 1
inputOffset 8 0.000 0.000 0.000
inputJitter 8 0.000
inputLFO 8 0 1.000 0 0 1.000 0 0 1.000 0 0 1.000 0
8 0.000 0.000 0 1 0.000 0.000 0.000 1 1 1 0 0 0 0 0.000 -0.700 0 0 1.500 0.000 0 17.349 17.349 11.566 11.566 5.783 5.783 0.000 17.349 5.783 5.783 17.349 0.000 14.457 8.679 0.617 0.617 0.724 0.724 0.851 0.851 1.000 0.617 0.851 0.851 0.617 1.000 0.668 0.785 1 1 1 1 1 1 1 1 1 1 1 1 1 1
inputOffset 9 0.000 0.000 0.000
inputJitter 9 0.000
inputLFO 9 0 1.000 0 0 1.000 0 0 1.000 0 0 1.000 0
9 0.000 0.000 0 1 0.000 0.000 0.000 1 1 1 0 0 0 0 0.000 -0.700 0 0 1.500 0.000 0 17.349 17.349 11.566 11.566 5.783 5.783 0.000 17.349 5.783 5.783 17.349 0.000 14.457 8.679 0.617 0.617 0.724 0.724 0.851 0.851 1.000 0.617 0.851 0.851 0.617 1.000 0.668 0.785 1 1 1 1 1 1 1 1 1 1 1 1 1 1
inputOffset 10 0.000 0.000 0.000
inputJitter 10 0.000
inputLFO 10 0 1.000 0 0 1.000 0 0 1.000 0 0 1.000 0
10 0.000 0.000 0 1 0.000 0.000 0.000 1 1 1 0 0 0 0 0.000 -0.700 0 0 1.500 0.000 0 17.349 17.349 11.566 11.566 5.783 5.783 0.000 17.349 5.783 5.783 17.349 0.000 14.457 8.679 0.617 0.617 0.724 0.724 0.851 0.851 1.000 0.617 0.851 0.851 0.617 1.000 0.668 0.785 1 1 1 1 1 1 1 1 1 1 1 1 1 1
inputOffset 11 0.000 0.000 0.000
inputJitter 11 0.000
inputLFO 11 0 1.000 0 0 1.000 0 0 1.000 0 0 1.000 0
11 0.000 0.000 0 1 0.000 0.000 0.000 1 1 1 0 0 0 0 0.000 -0.700 0 0 1.500 0.000 0 17.349 17.349 11.566 11.566 5.783 5.783 0.000 17.349 5.783 5.783 17.349 0.000 14.457 8.679 0.617 0.617 0.724 0.724 0.851 0.851 1.000 0.617 0.851 0.851 0.617 1.000 0.668 0.785 1 1 1 1 1 1 1 1 1 1 1 1 1 1
inputOffset 12 0.000 0.000 0.000
inputJitter 12 0.000
inputLFO 12 0 1.000 0 0 1.000 0 0 1.000 0 0 1.000 0
12 0.000 0.000 0 1 0.000 0.000 0.000 1 1 1 0 0 0 0 0.000 -0.700 0 0 1.500 0.000 0 17.349 17.349 11.566 11.566 5.783 5.783 0.000 17.349 5.783 5.783 17.349 0.000 14.457 8.679 0.617 0.617 0.724 0.724 0.851 0.851 1.000 0.617 0.851 0.851 0.617 1.000 0.668 0.785 1 1 1 1 1 1 1 1 1 1 1 1 1 1
inputOffset 13 0.000 0.000 0.000
inputJitter 13 0.000
inputLFO 13 0 1.000 0 0 1.000 0 0 1.000 0 0 1.000 0
13 0.000 0.000 0 1 0.000 0.000 0.000 1 1 1 0 0 0 0 0.000 -0.700 0 0 1.500 0.000 0 17.349 17.349 11.566 11.566 5.783 5.783 0.000 17.349 5.783 5.783 17.349 0.000 14.457 8.679 0.617 0.617 0.724 0.724 0.851 0.851 1.000 0.617 0.851 0.851 0.617 1.000 0.668 0.785 1 1 1 1 1 1 1 1 1 1 1 1 1 1
inputOffset 14 0.000 0.000 0.000
inputJitter 14 0.000
inputLFO 14 0 1.000 0 0 1.000 0 0 1.000 0 0 1.000 0
14 0.000 0.000 0 1 0.000 0.000 0.000 1 1 1 0 0 0 0 0.000 -0.700 0 0 1.500 0.000 0 17.349 17.349 11.566 11.566 5.783 5.783 0.000 17.349 5.783 5.783 17.349 0.000 14.457 8.679 0.617 0.617 0.724 0.724 0.851 0.851 1.000 0.617 0.851 0.851 0.617 1.000 0.668 0.785 1 1 1 1 1 1 1 1 1 1 1 1 1 1
inputOffset 15 0.000 0.000 0.000
inputJitter 15 0.000
inputLFO 15 0 1.000 0 0 1.000 0 0 1.000 0 0 1.000 0
15 0.000 0.000 0 1 0.000 0.000 0.000 1 1 1 0 0 0 0 0.000 -0.700 0 0 1.500 0.000 0 17.349 17.349 11.566 11.566 5.783 5.783 0.000 17.349 5.783 5.783 17.349 0.000 14.457 8.679 0.617 0.617 0.724 0.724 0.851 0.851 1.000 0.617 0.851 0.851 0.617 1.000 0.668 0.785 1 1 1 1 1 1 1 1 1 1 1 1 1 1
inputOffset 16 0.000 0.000 0.000
inputJitter 16 0.000
inputLFO 16 0 1.000 0 0 1.000 0 0 1.000 0 0 1.000 0
16 0.000 0.000 0 1 0.000 0.000 0.000 1 1 1 0 0 0 0 0.000 -0.700 0 0 1.500 0.000 0 17.349 17.349 11.566 11.566 5.783 5.783 0.000 17.349 5.783 5.783 17.349 0.000 14.457 8.679 0.617 0.617 0.724 0.724 0.851 0.851 1.000 0.617 0.851 0.851 0.617 1.000 0.668 0.785 1 1 1 1 1 1 1 1 1 1 1 1 1 1
inputOffset 17 0.000 0.000 0.000
inputJitter 17 0.000
inputLFO 17 0 1.000 0 0 1.000 0 0 1.000 0 0 1.000 0
17 0.000 0.000 0 1 0.000 0.000 0.000 1 1 1 0 0 0 0 0.000 -0.700 0 0 1.500 0.000 0 17.349 17.349 11.566 11.566 5.783 5.783 0.000 17.349 5.783 5.783 17.349 0.000 14.457 8.679 0.617 0.617 0.724 0.724 0.851 0.851 1.000 0.617 0.851 0.851 0.617 1.000 0.668 0.785 1 1 1 1 1 1 1 1 1 1 1 1 1 1
inputOffset 18 0.000 0.000 0.000
inputJitter 18 0.000
inputLFO 18 0 1.000 0 0 1.000 0 0 1.000 0 0 1.000 0
18 0.000 0.000 0 1 0.000 0.000 0.000 1 1 1 0 0 0 0 0.000 -0.700 0 0 1.500 0.000 0 17.349 17.349 11.566 11.566 5.783 5.783 0.000 17.349 5.783 5.783 17.349 0.000 14.457 8.679 0.617 0.617 0.724 0.724 0.851 0.851 1.000 0.617 0.851 0.851 0.617 1.000 0.668 0.785 1 1 1 1 1 1 1 1 1 1 1 1 1 1
inputOffset 19 0.000 0.000 0.000
inputJitter 19 0.000
inputLFO 19 0 1.000 0 0 1.000 0 0 1.000 0 0 1.000 0
19 0.000 0.000 0 1 0.000 0.000 0.000 1 1 1 0 0 0 0 0.000 -0.700 0 0 1.500 0.000 0 17.349 17.349 11.566 11.566 5.783 5.783 0.000 17.349 5.783 5.783 17.349 0.000 14.457 8.679 0.617 0.617 0.724 0.724 0.851 0.851 1.000 0.617 0.851 0.851 0.617 1.000 0.668 0.785 1 1 1 1 1 1 1 1 1 1 1 1 1 1
inputOffset 20 0.000 0.000 0.000
inputJitter 20 0.000
inputLFO 20 0 1.000 0 0 1.000 0 0 1.000 0 0 1.000 0
20 0.000 0.000 0 1 0.000 0.000 0.000 1 1 1 0 0 0 0 0.000 -0.700 0 0 1.500 0.000 0 17.349 17.349 11.566 11.566 5.783 5.783 0.000 17.349 5.783 5.783 17.349 0.000 14.457 8.679 0.617 0.617 0.724 0.724 0.851 0.851 1.000 0.617 0.851 0.851 0.617 1.000 0.668 0.785 1 1 1 1 1 1 1 1 1 1 1 1 1 1
inputOffset 21 0.000 0.000 0.000
inputJitter 21 0.000
inputLFO 21 0 1.000 0 0 1.000 0 0 1.000 0 0 1.000 0
21 0.000 0.000 0 1 0.000 0.000 0.000 1 1 1 0 0 0 0 0.000 -0.700 0 0 1.500 0.000 0 17.349 17.349 11.566 11.566 5.783 5.783 0.000 17.349 5.783 5.783 17.349 0.000 14.457 8.679 0.617 0.617 0.724 0.724 0.851 0.851 1.000 0.617 0.851 0.851 0.617 1.000 0.668 0.785 1 1 1 1 1 1 1 1 1 1 1 1 1 1
inputOffset 22 0.000 0.000 0.000
inputJitter 22 0.000
inputLFO 22 0 1.000 0 0 1.000 0 0 1.000 0 0 1.000 0
22 0.000 0.000 0 1 0.000 0.000 0.000 1 1 1 0 0 0 0 0.000 -0.700 0 0 1.500 0.000 0 17.349 17.349 11.566 11.566 5.783 5.783 0.000 17.349 5.783 5.783 17.349 0.000 14.457 8.679 0.617 0.617 0.724 0.724 0.851 0.851 1.000 0.617 0.851 0.851 0.617 1.000 0.668 0.785 1 1 1 1 1 1 1 1 1 1 1 1 1 1
inputOffset 23 0.000 0.000 0.000
inputJitter 23 0.000
inputLFO 23 0 1.000 0 0 1.000 0 0 1.000 0 0 1.000 0
23 0.000 0.000 0 1 0.000 0.000 0.000 1 1 1 0 0 0 0 0.000 -0.700 0 0 1.500 0.000 0 17.349 17.349 11.566 11.566 5.783 5.783 0.000 17.349 5.783 5.783 17.349 0.000 14.457 8.679 0.617 0.617 0.724 0.724 0.851 0.851 1.000 0.617 0.851 0.851 0.617 1.000 0.668 0.785 1 1 1 1 1 1 1 1 1 1 1 1 1 1
inputOffset 24 0.000 0.000 0.000
inputJitter 24 0.000
inputLFO 24 0 1.000 0 0 1.000 0 0 1.000 0 0 1.000 0
24 0.000 0.000 0 1 0.000 0.000 0.000 1 1 1 0 0 0 0 0.000 -0.700 0 0 1.500 0.000 0 17.349 17.349 11.566 11.566 5.783 5.783 0.000 17.349 5.783 5.783 17.349 0.000 14.457 8.679 0.617 0.617 0.724 0.724 0.851 0.851 1.000 0.617 0.851 0.851 0.617 1.000 0.668 0.785 1 1 1 1 1 1 1 1 1 1 1 1 1 1
inputOffset 25 0.000 0.000 0.000
inputJitter 25 0.000
inputLFO 25 0 1.000 0 0 1.000 0 0 1.000 0 0 1.000 0
25 0.000 0.000 0 1 0.000 0.000 0.000 1 1 1 0 0 0 0 0.000 -0.700 0 0 1.500 0.000 0 17.349 17.349 11.566 11.566 5.783 5.783 0.000 17.349 5.783 5.783 17.349 0.000 14.457 8.679 0.617 0.617 0.724 0.724 0.851 0.851 1.000 0.617 0.851 0.851 0.617 1.000 0.668 0.785 1 1 1 1 1 1 1 1 1 1 1 1 1 1
inputOffset 26 0.000 0.000 0.000
inputJitter 26 0.000
inputLFO 26 0 1.000 0 0 1.000 0 0 1.000 0 0 1.000 0
26 0.000 0.000 0 1 0.000 0.000 0.000 1 1 1 0 0 0 0 0.000 -0.700 0 0 1.500 0.000 0 17.349 17.349 11.566 11.566 5.783 5.783 0.000 17.349 5.783 5.783 17.349 0.000 14.457 8.679 0.617 0.617 0.724 0.724 0.851 0.851 1.000 0.617 0.851 0.851 0.617 1.000 0.668 0.785 1 1 1 1 1 1 1 1 1 1 1 1 1 1
inputOffset 27 0.000 0.000 0.000
inputJitter 27 0.000
inputLFO 27 0 1.000 0 0 1.000 0 0 1.000 0 0 1.000 0
27 0.000 0.000 0 10 6.869 11.213 0.000 1 1 1 0 0 0 0 0.000 -0.200 0 0 1.500 0.000 0 49.355 32.520 45.155 33.468 41.339 35.348 38.023 49.355 41.339 35.348 32.520 38.023 32.870 45.772 0.675 0.772 0.698 0.766 0.719 0.755 0.739 0.675 0.719 0.755 0.772 0.739 0.770 0.695 1 1 1 1 1 1 1 1 1 1 1 1 1 1
inputOffset 28 0.000 0.000 0.000
inputJitter 28 0.000
inputLFO 28 0 1.000 0 0 1.000 0 0 1.000 0 0 1.000 0
28 0.000 0.000 0 10 6.869 11.213 0.000 1 1 1 1 0 0 0 0.000 -0.200 0 0 1.500 0.000 0 32.520 49.355 33.468 45.155 35.348 41.339 38.023 32.520 35.348 41.339 49.355 38.023 47.214 45.521 0.772 0.675 0.766 0.698 0.755 0.719 0.739 0.772 0.755 0.719 0.675 0.739 0.687 0.696 1 1 1 1 1 1 1 1 1 1 1 1 1 1
inputOffset 29 0.000 0.000 0.000
inputJitter 29 0.000
inputLFO 29 0 1.000 0 0 1.000 0 0 1.000 0 0 1.000 0
29 0.000 0.000 0 11 3.442 3.433 0.000 1 1 1 0 0 0 0 0.000 -0.300 0 0 1.500 0.000 0 29.049 12.379 23.697 10.056 18.604 10.766 14.056 29.049 18.604 10.766 12.379 14.056 10.900 21.233 0.707 0.863 0.753 0.887 0.801 0.879 0.845 0.707 0.801 0.879 0.863 0.845 0.878 0.776 1 1 1 1 1 1 1 1 1 1 1 1 1 1
inputOffset 30 0.000 0.000 0.000
inputJitter 30 0.000
inputLFO 30 0 1.000 0 0 1.000 0 0 1.000 0 0 1.000 0
30 0.000 0.000 0 11 3.442 3.433 0.000 1 1 1 1 0 0 0 0.000 -0.300 0 0 1.500 0.000 0 12.379 29.049 10.056 23.697 10.766 18.604 14.056 12.379 10.766 18.604 29.049 14.056 26.350 20.960 0.863 0.707 0.887 0.753 0.879 0.801 0.845 0.863 0.879 0.801 0.707 0.845 0.730 0.779 1 1 1 1 1 1 1 1 1 1 1 1 1 1
inputOffset 31 0.000 0.000 0.000
inputJitter 31 0.000
inputLFO 31 0 1.000 0 0 1.000 0 0 1.000 0 0 1.000 0
31 0.000 0.000 0 1 0.000 4.000 0.000 1 1 1 0 0 0 0 0.000 -0.300 0 0 1.500 0.000 0 17.349 17.349 11.566 11.566 5.783 5.783 0.000 17.349 5.783 5.783 17.349 0.000 14.457 8.679 0.617 0.617 0.724 0.724 0.851 0.851 1.000 0.617 0.851 0.851 0.617 1.000 0.668 0.785 1 1 1 1 1 1 1 1 1 1 1 1 1 1
inputOffset 32 0.000 0.000 0.000
inputJitter 32 0.000
inputLFO 32 0 1.000 0 0 1.000 0 0 1.000 0 0 1.000 0
32 0.000 0.000 0 1 0.000 6.000 0.000 1 1 1 0 0 0 0 0.000 -0.300 0 0 1.500 0.000 0 17.349 17.349 11.566 11.566 5.783 5.783 0.000 17.349 5.783 5.783 17.349 0.000 14.457 8.679 0.617 0.617 0.724 0.724 0.851 0.851 1.000 0.617 0.851 0.851 0.617 1.000 0.668 0.785 1 1 1 1 1 1 1 1 1 1 1 1 1 1
