inputNames 1 VincentP_Vx
inputNames 2 RafaelP_pnoL
inputNames 3 RafaelP_pnoR
inputNames 4 input_4
inputNames 5 input_5
inputNames 6 Ines_Vx
inputNames 7 Pedro_gtr
inputNames 8 Gaspar_cello
inputNames 9 input_9
inputNames 10 input_10
inputNames 11 David_Vx
inputNames 12 RafaelR_gtr
inputNames 13 input_13
inputNames 14 input_14
inputNames 15 input_15
inputNames 16 input_16
inputNames 17 input_17
inputNames 18 input_18
inputNames 19 input_19
inputNames 20 input_20
inputNames 21 input_21
inputNames 22 input_22
inputNames 23 input_23
inputNames 24 input_24
inputNames 25 input_25
inputNames 26 Speak
inputNames 27 Hall_L
inputNames 28 Hall_R
inputNames 29 Room_L
inputNames 30 Room_R
inputNames 31 Plate
inputNames 32 Delay
inputOffset 1 0.000 0.000 0.000
inputJitter 1 0.000
inputLFO 1 0 1.000 0 0 1.000 0 0 1.000 0 0 1.000 0
1 0.000 0.000 0 1 0.819 1.593 0.000 1 1 1 0 0 0 0 0.000 -0.700 0 0 1.500 0.000 0 20.248 15.673 14.676 10.287 9.362 5.734 5.179 20.248 9.362 5.734 15.673 5.179 12.937 13.544 0.569 0.646 0.664 0.751 0.770 0.852 0.866 0.569 0.770 0.852 0.646 0.866 0.697 0.686 1 1 1 1 1 1 1 1 1 1 1 1 1 1
inputOffset 2 0.500 0.500 0.000
inputJitter 2 0.000
inputLFO 2 0 1.000 0 0 1.000 0 0 1.000 0 0 1.000 0
2 0.000 0.000 0 1 -0.375 2.411 0.000 1 1 1 0 0 0 0 0.000 -0.700 0 0 1.500 0.000 0 19.609 18.958 14.598 14.014 10.421 10.012 8.425 19.609 10.421 10.012 18.958 8.425 16.418 17.104 0.579 0.590 0.666 0.677 0.748 0.757 0.791 0.579 0.748 0.757 0.590 0.791 0.633 0.621 1 1 1 1 1 1 1 1 1 1 1 1 1 1
inputOffset 3 0.000 0.000 0.000
inputJitter 3 0.000
inputLFO 3 0 1.000 0 0 1.000 0 0 1.000 0 0 1.000 0
3 0.000 0.000 0 1 -0.375 2.411 0.000 1 1 1 0 0 0 0 0.000 -0.700 0 0 1.500 0.000 0 17.696 19.707 12.588 14.444 8.407 9.786 7.055 17.696 8.407 9.786 19.707 7.055 17.034 15.666 0.611 0.577 0.704 0.669 0.791 0.761 0.821 0.611 0.791 0.761 0.577 0.821 0.622 0.646 1 1 1 1 1 1 1 1 1 1 1 1 1 1
inputOffset 4 0.000 0.000 0.000
inputJitter 4 0.000
inputLFO 4 0 1.000 0 0 1.000 0 0 1.000 0 0 1.000 0
4 0.000 0.000 0 1 0.000 0.000 0.000 1 1 1 0 0 0 0 0.000 -0.700 0 0 1.500 0.000 0 17.349 17.349 11.566 11.566 5.783 5.783 0.000 17.349 5.783 5.783 17.349 0.000 14.457 8.679 0.617 0.617 0.724 0.724 0.851 0.851 1.000 0.617 0.851 0.851 0.617 1.000 0.668 0.785 1 1 1 1 1 1 1 1 1 1 1 1 1 1
inputOffset 5 0.000 0.000 0.000
inputJitter 5 0.000
inputLFO 5 0 1.000 0 0 1.000 0 0 1.000 0 0 1.000 0
5 0.000 0.000 0 2 -1.175 2.172 0.000 1 1 1 0 0 0 0 0.000 -0.700 0 0 1.500 0.000 0 15.299 21.677 10.303 16.228 6.717 11.123 7.140 15.299 6.717 11.123 21.677 7.140 18.928 15.274 0.653 0.547 0.750 0.636 0.829 0.733 0.820 0.653 0.829 0.733 0.547 0.820 0.590 0.653 1 1 1 1 1 1 1 1 1 1 1 1 1 1
inputOffset 6 0.000 0.000 0.000
inputJitter 6 0.000
inputLFO 6 0 1.000 0 0 1.000 0 0 1.000 0 0 1.000 0
6 0.000 0.000 0 1 0.206 4.026 0.000 1 1 1 0 0 0 0 0.000 -0.700 0 0 1.500 0.000 0 21.390 20.401 16.835 15.996 13.274 12.745 11.656 21.390 13.274 12.745 20.401 11.656 18.101 20.335 0.551 0.566 0.625 0.640 0.691 0.701 0.723 0.551 0.691 0.701 0.566 0.723 0.604 0.567 1 1 1 1 1 1 1 1 1 1 1 1 1 1
inputOffset 7 0.000 0.000 0.000
inputJitter 7 0.000
inputLFO 7 0 1.000 0 0 1.000 0 0 1.000 0 0 1.000 0
7 0.000 0.000 0 3 -0.857 1.918 0.000 1 1 1 0 0 0 0 0.000 -0.700 0 1 3.000 -6.100 0 15.873 20.587 10.648 15.098 6.457 9.949 6.074 15.873 6.457 9.949 20.587 6.074 17.819 14.388 0.642 0.563 0.743 0.657 0.698 0.758 0.684 0.642 0.835 0.758 0.563 0.844 0.609 0.670 1 1 1 1 1 1 1 1 1 1 1 1 1 1
inputOffset 8 0.000 0.000 0.000
inputJitter 8 0.000
inputLFO 8 0 1.000 0 0 1.000 0 0 1.000 0 0 1.000 0
8 0.000 0.000 0 4 0.876 1.851 0.000 1 1 1 0 0 0 0 0.000 -0.700 0 1 3.800 -6.000 0 20.588 15.754 15.079 10.500 9.888 6.262 5.920 20.588 9.888 6.262 15.754 5.920 13.071 14.307 0.563 0.645 0.657 0.724 0.708 0.624 0.617 0.563 0.759 0.840 0.645 0.848 0.695 0.671 1 1 1 1 1 1 1 1 1 1 1 1 1 1
inputOffset 9 0.000 0.000 0.000
inputJitter 9 0.000
inputLFO 9 0 1.000 0 0 1.000 0 0 1.000 0 0 1.000 0
9 0.000 0.000 0 1 0.000 0.000 0.000 1 1 1 0 0 0 0 0.000 -0.700 0 0 1.500 0.000 0 17.349 17.349 11.566 11.566 5.783 5.783 0.000 17.349 5.783 5.783 17.349 0.000 14.457 8.679 0.617 0.617 0.724 0.724 0.851 0.851 1.000 0.617 0.851 0.851 0.617 1.000 0.668 0.785 1 1 1 1 1 1 1 1 1 1 1 1 1 1
inputOffset 10 0.000 0.000 0.000
inputJitter 10 0.000
inputLFO 10 0 1.000 0 0 1.000 0 0 1.000 0 0 1.000 0
10 0.000 0.000 0 1 0.000 0.000 0.000 1 1 1 0 0 0 0 0.000 -0.700 0 0 1.500 0.000 0 17.349 17.349 11.566 11.566 5.783 5.783 0.000 17.349 5.783 5.783 17.349 0.000 14.457 8.679 0.617 0.617 0.724 0.724 0.851 0.851 1.000 0.617 0.851 0.851 0.617 1.000 0.668 0.785 1 1 1 1 1 1 1 1 1 1 1 1 1 1
inputOffset 11 0.000 0.000 0.000
inputJitter 11 0.000
inputLFO 11 0 1.000 0 0 1.000 0 0 1.000 0 0 1.000 0
11 0.000 0.000 0 1 -0.993 1.589 0.000 1 1 1 0 0 0 0 0.000 -0.700 0 0 1.500 0.000 0 15.189 20.736 9.834 15.151 5.439 9.798 5.418 15.189 5.439 9.798 20.736 5.418 17.927 13.518 0.655 0.561 0.760 0.656 0.859 0.761 0.860 0.655 0.859 0.761 0.561 0.860 0.607 0.686 1 1 1 1 1 1 1 1 1 1 1 1 1 1
inputOffset 12 0.000 0.000 0.000
inputJitter 12 0.000
inputLFO 12 0 1.000 0 0 1.000 0 0 1.000 0 0 1.000 0
12 0.000 0.000 0 1 1.166 3.261 0.000 1 1 1 0 0 0 0 0.000 -0.700 0 0 1.500 0.000 0 22.765 16.860 17.664 12.492 13.142 9.733 10.014 22.765 13.142 9.733 16.860 10.014 14.554 18.470 0.530 0.625 0.611 0.706 0.693 0.762 0.756 0.530 0.693 0.762 0.625 0.756 0.667 0.598 1 1 1 1 1 1 1 1 1 1 1 1 1 1
inputOffset 13 0.000 0.000 0.000
inputJitter 13 0.000
inputLFO 13 0 1.000 0 0 1.000 0 0 1.000 0 0 1.000 0
13 0.000 0.000 0 1 0.000 0.000 0.000 1 1 1 0 0 0 0 0.000 -0.700 0 0 1.500 0.000 0 17.349 17.349 11.566 11.566 5.783 5.783 0.000 17.349 5.783 5.783 17.349 0.000 14.457 8.679 0.617 0.617 0.724 0.724 0.851 0.851 1.000 0.617 0.851 0.851 0.617 1.000 0.668 0.785 1 1 1 1 1 1 1 1 1 1 1 1 1 1
inputOffset 14 0.000 0.000 0.000
inputJitter 14 0.000
inputLFO 14 0 1.000 0 0 1.000 0 0 1.000 0 0 1.000 0
14 0.000 0.000 0 1 0.000 0.000 0.000 1 1 1 0 0 0 0 0.000 -0.700 0 0 1.500 0.000 0 17.349 17.349 11.566 11.566 5.783 5.783 0.000 17.349 5.783 5.783 17.349 0.000 14.457 8.679 0.617 0.617 0.724 0.724 0.851 0.851 1.000 0.617 0.851 0.851 0.617 1.000 0.668 0.785 1 1 1 1 1 1 1 1 1 1 1 1 1 1
inputOffset 15 0.000 0.000 0.000
inputJitter 15 0.000
inputLFO 15 0 1.000 0 0 1.000 0 0 1.000 0 0 1.000 0
15 0.000 0.000 0 1 0.000 0.000 0.000 1 1 1 0 0 0 0 0.000 -0.700 0 0 1.500 0.000 0 17.349 17.349 11.566 11.566 5.783 5.783 0.000 17.349 5.783 5.783 17.349 0.000 14.457 8.679 0.617 0.617 0.724 0.724 0.851 0.851 1.000 0.617 0.851 0.851 0.617 1.000 0.668 0.785 1 1 1 1 1 1 1 1 1 1 1 1 1 1
inputOffset 16 0.000 0.000 0.000
inputJitter 16 0.000
inputLFO 16 0 1.000 0 0 1.000 0 0 1.000 0 0 1.000 0
16 0.000 0.000 0 1 0.000 0.000 0.000 1 1 1 0 0 0 0 0.000 -0.700 0 0 1.500 0.000 0 17.349 17.349 11.566 11.566 5.783 5.783 0.000 17.349 5.783 5.783 17.349 0.000 14.457 8.679 0.617 0.617 0.724 0.724 0.851 0.851 1.000 0.617 0.851 0.851 0.617 1.000 0.668 0.785 1 1 1 1 1 1 1 1 1 1 1 1 1 1
inputOffset 17 0.000 0.000 0.000
inputJitter 17 0.000
inputLFO 17 0 1.000 0 0 1.000 0 0 1.000 0 0 1.000 0
17 0.000 0.000 0 1 0.000 0.000 0.000 1 1 1 0 0 0 0 0.000 -0.700 0 0 1.500 0.000 0 17.349 17.349 11.566 11.566 5.783 5.783 0.000 17.349 5.783 5.783 17.349 0.000 14.457 8.679 0.617 0.617 0.724 0.724 0.851 0.851 1.000 0.617 0.851 0.851 0.617 1.000 0.668 0.785 1 1 1 1 1 1 1 1 1 1 1 1 1 1
inputOffset 18 0.000 0.000 0.000
inputJitter 18 0.000
inputLFO 18 0 1.000 0 0 1.000 0 0 1.000 0 0 1.000 0
18 0.000 0.000 0 1 0.000 0.000 0.000 1 1 1 0 0 0 0 0.000 -0.700 0 0 1.500 0.000 0 17.349 17.349 11.566 11.566 5.783 5.783 0.000 17.349 5.783 5.783 17.349 0.000 14.457 8.679 0.617 0.617 0.724 0.724 0.851 0.851 1.000 0.617 0.851 0.851 0.617 1.000 0.668 0.785 1 1 1 1 1 1 1 1 1 1 1 1 1 1
inputOffset 19 0.000 0.000 0.000
inputJitter 19 0.000
inputLFO 19 0 1.000 0 0 1.000 0 0 1.000 0 0 1.000 0
19 0.000 0.000 0 1 0.000 0.000 0.000 1 1 1 0 0 0 0 0.000 -0.700 0 0 1.500 0.000 0 17.349 17.349 11.566 11.566 5.783 5.783 0.000 17.349 5.783 5.783 17.349 0.000 14.457 8.679 0.617 0.617 0.724 0.724 0.851 0.851 1.000 0.617 0.851 0.851 0.617 1.000 0.668 0.785 1 1 1 1 1 1 1 1 1 1 1 1 1 1
inputOffset 20 0.000 0.000 0.000
inputJitter 20 0.000
inputLFO 20 0 1.000 0 0 1.000 0 0 1.000 0 0 1.000 0
20 0.000 0.000 0 1 0.000 0.000 0.000 1 1 1 0 0 0 0 0.000 -0.700 0 0 1.500 0.000 0 17.349 17.349 11.566 11.566 5.783 5.783 0.000 17.349 5.783 5.783 17.349 0.000 14.457 8.679 0.617 0.617 0.724 0.724 0.851 0.851 1.000 0.617 0.851 0.851 0.617 1.000 0.668 0.785 1 1 1 1 1 1 1 1 1 1 1 1 1 1
inputOffset 21 0.000 0.000 0.000
inputJitter 21 0.000
inputLFO 21 0 1.000 0 0 1.000 0 0 1.000 0 0 1.000 0
21 0.000 0.000 0 1 0.000 0.000 0.000 1 1 1 0 0 0 0 0.000 -0.700 0 0 1.500 0.000 0 17.349 17.349 11.566 11.566 5.783 5.783 0.000 17.349 5.783 5.783 17.349 0.000 14.457 8.679 0.617 0.617 0.724 0.724 0.851 0.851 1.000 0.617 0.851 0.851 0.617 1.000 0.668 0.785 1 1 1 1 1 1 1 1 1 1 1 1 1 1
inputOffset 22 0.000 0.000 0.000
inputJitter 22 0.000
inputLFO 22 0 1.000 0 0 1.000 0 0 1.000 0 0 1.000 0
22 0.000 0.000 0 1 0.000 0.000 0.000 1 1 1 0 0 0 0 0.000 -0.700 0 0 1.500 0.000 0 17.349 17.349 11.566 11.566 5.783 5.783 0.000 17.349 5.783 5.783 17.349 0.000 14.457 8.679 0.617 0.617 0.724 0.724 0.851 0.851 1.000 0.617 0.851 0.851 0.617 1.000 0.668 0.785 1 1 1 1 1 1 1 1 1 1 1 1 1 1
inputOffset 23 0.000 0.000 0.000
inputJitter 23 0.000
inputLFO 23 0 1.000 0 0 1.000 0 0 1.000 0 0 1.000 0
23 0.000 0.000 0 1 0.000 0.000 0.000 1 1 1 0 0 0 0 0.000 -0.700 0 0 1.500 0.000 0 17.349 17.349 11.566 11.566 5.783 5.783 0.000 17.349 5.783 5.783 17.349 0.000 14.457 8.679 0.617 0.617 0.724 0.724 0.851 0.851 1.000 0.617 0.851 0.851 0.617 1.000 0.668 0.785 1 1 1 1 1 1 1 1 1 1 1 1 1 1
inputOffset 24 0.000 0.000 0.000
inputJitter 24 0.000
inputLFO 24 0 1.000 0 0 1.000 0 0 1.000 0 0 1.000 0
24 0.000 0.000 0 1 0.000 0.000 0.000 1 1 1 0 0 0 0 0.000 -0.700 0 0 1.500 0.000 0 17.349 17.349 11.566 11.566 5.783 5.783 0.000 17.349 5.783 5.783 17.349 0.000 14.457 8.679 0.617 0.617 0.724 0.724 0.851 0.851 1.000 0.617 0.851 0.851 0.617 1.000 0.668 0.785 1 1 1 1 1 1 1 1 1 1 1 1 1 1
inputOffset 25 0.000 0.000 0.000
inputJitter 25 0.000
inputLFO 25 0 1.000 0 0 1.000 0 0 1.000 0 0 1.000 0
25 0.000 0.000 0 1 0.000 0.000 0.000 1 1 1 0 0 0 0 0.000 -0.700 0 0 1.500 0.000 0 17.349 17.349 11.566 11.566 5.783 5.783 0.000 17.349 5.783 5.783 17.349 0.000 14.457 8.679 0.617 0.617 0.724 0.724 0.851 0.851 1.000 0.617 0.851 0.851 0.617 1.000 0.668 0.785 1 1 1 1 1 1 1 1 1 1 1 1 1 1
inputOffset 26 0.000 0.000 0.000
inputJitter 26 0.000
inputLFO 26 0 1.000 0 0 1.000 0 0 1.000 0 0 1.000 0
26 0.000 0.000 0 11 5.881 0.799 0.000 1 1 1 0 0 0 0 0.000 -0.700 0 0 1.500 0.000 0 34.389 2.339 28.622 5.869 22.862 11.415 17.119 34.389 22.862 11.415 2.339 17.119 3.406 20.450 0.383 0.937 0.450 0.849 0.529 0.727 0.621 0.383 0.529 0.727 0.937 0.621 0.909 0.566 1 1 1 1 1 1 1 1 1 1 1 1 1 1
inputOffset 27 0.000 0.000 0.000
inputJitter 27 0.000
inputLFO 27 0 1.000 0 0 1.000 0 0 1.000 0 0 1.000 0
27 0.000 0.000 0 8 0.053 11.937 0.000 1 1 1 0 0 0 0 0.000 -0.200 0 0 1.500 0.000 0 38.699 38.562 36.451 36.353 35.022 34.972 34.516 38.699 35.022 34.972 38.562 34.516 37.362 43.192 0.735 0.736 0.748 0.749 0.757 0.757 0.760 0.735 0.757 0.757 0.736 0.760 0.743 0.709 1 1 1 1 1 1 1 1 1 1 1 1 1 1
inputOffset 28 0.000 0.000 0.000
inputJitter 28 0.000
inputLFO 28 0 1.000 0 0 1.000 0 0 1.000 0 0 1.000 0
28 0.000 0.000 0 8 0.053 11.937 0.000 1 1 1 1 0 0 0 0.000 -0.200 0 0 1.500 0.000 0 38.562 38.699 36.353 36.451 34.972 35.022 34.516 38.562 34.972 35.022 38.699 34.516 37.481 43.190 0.736 0.735 0.749 0.748 0.757 0.757 0.760 0.736 0.757 0.757 0.735 0.760 0.742 0.709 1 1 1 1 1 1 1 1 1 1 1 1 1 1
inputOffset 29 0.000 0.000 0.000
inputJitter 29 0.000
inputLFO 29 0 1.000 0 0 1.000 0 0 1.000 0 0 1.000 0
29 0.000 0.000 0 9 0.029 7.589 0.000 1 1 1 0 0 0 0 0.000 -0.700 0 0 1.500 0.000 0 28.025 27.920 24.844 24.765 22.714 22.670 21.943 28.025 22.714 22.670 27.920 21.943 26.230 30.619 0.458 0.459 0.500 0.501 0.531 0.532 0.542 0.458 0.531 0.532 0.459 0.542 0.481 0.426 1 1 1 1 1 1 1 1 1 1 1 1 1 1
inputOffset 30 0.000 0.000 0.000
inputJitter 30 0.000
inputLFO 30 0 1.000 0 0 1.000 0 0 1.000 0 0 1.000 0
30 0.000 0.000 0 9 0.029 7.589 0.000 1 1 1 1 0 0 0 0.000 -0.700 0 0 1.500 0.000 0 27.920 28.025 24.765 24.844 22.670 22.714 21.943 27.920 22.670 22.714 28.025 21.943 26.324 30.618 0.459 0.458 0.501 0.500 0.532 0.531 0.542 0.459 0.532 0.531 0.458 0.542 0.480 0.426 1 1 1 1 1 1 1 1 1 1 1 1 1 1
inputOffset 31 0.000 0.000 0.000
inputJitter 31 0.000
inputLFO 31 0 1.000 0 0 1.000 0 0 1.000 0 0 1.000 0
31 0.000 0.000 0 10 0.198 4.738 0.000 1 1 1 0 0 0 0 0.000 -0.300 0 0 1.500 0.000 0 22.558 21.660 18.304 17.566 15.102 14.658 13.712 22.558 15.102 14.658 21.660 13.712 19.506 22.391 0.764 0.772 0.804 0.811 0.835 0.839 0.849 0.764 0.835 0.839 0.772 0.849 0.792 0.765 1 1 1 1 1 1 1 1 1 1 1 1 1 1
inputOffset 32 0.000 0.000 0.000
inputJitter 32 0.000
inputLFO 32 0 1.000 0 0 1.000 0 0 1.000 0 0 1.000 0
32 0.000 0.000 0 1 0.000 6.000 0.000 1 1 1 0 0 0 0 0.000 -0.300 0 0 1.500 0.000 0 17.349 17.349 11.566 11.566 5.783 5.783 0.000 17.349 5.783 5.783 17.349 0.000 14.457 8.679 0.617 0.617 0.724 0.724 0.851 0.851 1.000 0.617 0.851 0.851 0.617 1.000 0.668 0.785 1 1 1 1 1 1 1 1 1 1 1 1 1 1
