inputNames 1 input_1
inputNames 2 input_2
inputNames 3 input_3
inputNames 4 input_4
inputNames 5 input_5
inputNames 6 input_6
inputNames 7 input_7
inputNames 8 input_8
inputNames 9 input_9
inputNames 10 input_10
inputNames 11 input_11
inputNames 12 input_12
inputNames 13 input_13
inputNames 14 input_14
inputNames 15 input_15
inputNames 16 input_16
inputNames 17 input_17
inputNames 18 input_18
inputNames 19 input_19
inputNames 20 input_20
inputNames 21 input_21
inputNames 22 input_22
inputNames 23 input_23
inputNames 24 input_24
inputNames 25 input_25
inputNames 26 input_26
inputNames 27 input_27
inputNames 28 input_28
inputNames 29 input_29
inputNames 30 input_30
inputNames 31 input_31
inputNames 32 input_32
inputOffset 1 0.000 0.000 0.000
inputJitter 1 0.000
inputLFO 1 0 1.000 0 0 1.000 0 0 1.000 0 0 1.000 0
1 0.000 0.000 0 1 -5.000 4.000 0.000 1 1 1 0 0 0 0 0.000 -0.900 0 0 1.500 0.000 0 11.609 29.710 12.808 25.742 15.214 21.927 18.359 12.027 27.711 15.697 21.311 18.359 18.359 24.636 24.971 0.662 0.347 0.634 0.400 0.582 0.458 0.520 0.652 0.373 0.572 0.468 0.520 0.520 0.416 0.411 1 1 1 1 1 1 1 1 1 1 1 1 1 1 1
inputOffset 2 0.000 0.000 0.000
inputJitter 2 0.000
inputLFO 2 0 1.000 0 0 1.000 0 0 1.000 0 0 1.000 0
2 0.000 0.000 0 1 5.000 0.000 0.000 1 1 1 0 0 0 0 0.000 -0.876 0 0 1.500 0.000 0 27.566 1.359 23.198 5.727 18.830 10.095 14.462 25.382 3.543 18.102 10.823 14.462 14.462 17.146 16.648 0.385 0.954 0.448 0.820 0.521 0.705 0.606 0.415 0.885 0.534 0.687 0.606 0.606 0.552 0.562 1 1 1 1 1 1 1 1 1 1 1 1 1 1 1
inputOffset 3 0.000 0.000 0.000
inputJitter 3 0.000
inputLFO 3 0 1.000 0 0 1.000 0 0 1.000 0 0 1.000 0
3 0.000 0.000 0 1 -2.000 7.000 0.000 1 1 1 0 0 0 0 0.000 -0.900 0 0 1.500 0.000 0 21.582 27.561 20.478 24.804 20.275 22.562 21.000 20.924 26.127 20.333 22.249 21.000 21.000 29.457 29.567 0.464 0.375 0.483 0.414 0.486 0.448 0.474 0.475 0.395 0.485 0.453 0.474 0.474 0.351 0.349 1 1 1 1 1 1 1 1 1 1 1 1 1 1 1
inputOffset 4 0.000 0.000 0.000
inputJitter 4 0.000
inputLFO 4 0 1.000 0 0 1.000 0 0 1.000 0 0 1.000 0
4 0.000 0.000 0 1 0.000 4.000 50.000 1 1 0 0 0 0 100 0.000 -0.700 0 0 1.500 0.000 0 146.638 146.638 146.312 146.312 146.117 146.117 146.051 131.996 131.996 131.594 131.594 146.051 146.051 147.007 147.007 0.017 0.017 0.017 0.017 0.018 0.018 0.018 0.026 0.026 0.026 0.026 0.018 0.018 0.017 0.017 1 1 1 1 1 1 1 1 1 1 1 1 1 1 1
inputOffset 5 0.000 0.000 0.000
inputJitter 5 0.000
inputLFO 5 0 1.000 0 0 1.000 0 0 1.000 0 0 1.000 0
5 0.000 0.000 0 1 3.012 2.728 0.000 1 1 1 0 0 0 0 0.000 -0.700 0 0 1.500 0.000 0 6.531 23.746 5.842 19.535 7.985 15.411 11.470 6.826 21.930 9.240 15.171 11.470 11.470 17.357 17.688 0.835 0.518 0.851 0.582 0.802 0.653 0.728 0.828 0.545 0.774 0.657 0.728 0.728 0.619 0.613 1 1 1 1 1 1 1 1 1 1 1 1 1 1 1
inputOffset 6 0.000 0.000 0.000
inputJitter 6 0.000
inputLFO 6 0 1.000 0 0 1.000 0 0 1.000 0 0 1.000 0
6 0.000 0.000 0 1 0.000 6.000 0.000 1 1 1 0 0 0 0 0.000 -0.700 0 0 1.500 0.000 0 12.492 20.068 10.088 16.316 9.255 12.956 10.377 11.579 18.429 9.828 12.849 10.377 10.377 18.490 18.638 0.708 0.574 0.756 0.637 0.774 0.699 0.750 0.726 0.600 0.762 0.701 0.750 0.750 0.599 0.597 1 1 1 1 1 1 1 1 1 1 1 1 1 1 1
inputOffset 7 0.000 0.000 0.000
inputJitter 7 0.000
inputLFO 7 0 1.000 0 0 1.000 0 0 1.000 0 0 1.000 0
7 0.000 0.000 0 1 -6.000 10.000 0.000 1 1 1 0 0 0 0 0.000 -0.300 0 0 1.500 0.000 0 18.908 22.565 16.953 19.711 15.983 17.493 16.176 18.100 21.308 16.241 17.490 16.176 16.176 24.775 24.843 0.593 0.536 0.626 0.580 0.643 0.616 0.639 0.606 0.554 0.638 0.616 0.639 0.639 0.504 0.503 1 1 1 1 1 1 1 1 1 1 1 1 1 1 1
inputOffset 8 0.000 0.000 0.000
inputJitter 8 0.000
inputLFO 8 0 1.000 0 0 1.000 0 0 1.000 0 0 1.000 0
8 0.000 0.000 0 1 6.000 10.000 0.000 1 1 1 0 0 0 0 0.000 -0.300 0 0 1.500 0.000 0 21.337 17.226 18.261 15.092 15.805 14.034 14.294 19.988 16.352 15.795 14.334 14.294 14.294 22.931 22.854 0.554 0.621 0.603 0.659 0.646 0.678 0.673 0.575 0.636 0.646 0.673 0.673 0.673 0.530 0.531 1 1 1 1 1 1 1 1 1 1 1 1 1 1 1
inputOffset 9 0.000 0.000 0.000
inputJitter 9 0.000
inputLFO 9 0 1.000 0 0 1.000 0 0 1.000 0 0 1.000 0
9 0.000 0.000 0 1 -5.000 5.000 0.000 1 1 1 0 0 0 0 0.000 -0.700 0 0 1.500 0.000 0 28.737 30.083 27.269 28.220 26.449 26.943 26.338 28.172 29.320 26.640 27.049 26.338 26.338 35.050 35.075 0.450 0.434 0.469 0.457 0.480 0.473 0.481 0.458 0.443 0.477 0.472 0.481 0.481 0.378 0.378 1 1 1 1 1 1 1 1 1 1 1 1 1 1 1
inputOffset 10 0.000 0.000 0.000
inputJitter 10 0.000
inputLFO 10 0 1.000 0 0 1.000 0 0 1.000 0 0 1.000 0
10 0.000 0.000 0 1 0.000 10.000 5.000 1 1 1 0 0 0 100 0.000 -0.100 0 0 1.500 0.000 0 28.737 30.083 27.269 28.220 26.449 26.943 26.338 28.172 29.320 26.640 27.049 26.338 26.338 35.050 35.075 0.450 0.434 0.469 0.457 0.480 0.473 0.481 0.458 0.443 0.477 0.472 0.481 0.481 0.378 0.378 1 1 1 1 1 1 1 1 1 1 1 1 1 1 1
inputOffset 11 0.000 0.000 0.000
inputJitter 11 0.000
inputLFO 11 0 1.000 0 0 1.000 0 0 1.000 0 0 1.000 0
11 0.000 0.000 0 1 -5.000 0.000 5.000 1 1 1 0 0 0 100 0.000 -0.700 0 0 1.500 0.000 0 14.177 14.595 10.374 10.752 7.237 7.509 5.941 12.808 13.192 7.835 8.045 5.941 5.941 14.659 14.668 0.675 0.668 0.750 0.743 0.818 0.812 0.848 0.702 0.694 0.805 0.800 0.848 0.848 0.667 0.666 1 1 1 1 1 1 1 1 1 1 1 1 1 1 1
inputOffset 12 0.000 0.000 0.000
inputJitter 12 0.000
inputLFO 12 0 1.000 0 0 1.000 0 0 1.000 0 0 1.000 0
12 0.000 0.000 0 1 5.000 0.000 5.000 1 1 1 0 0 0 100 0.000 -0.700 0 0 1.500 0.000 0 14.177 14.595 10.374 10.752 7.237 7.509 5.941 12.808 13.192 7.835 8.045 5.941 5.941 14.659 14.668 0.675 0.668 0.750 0.743 0.818 0.812 0.848 0.702 0.694 0.805 0.800 0.848 0.848 0.667 0.666 1 1 1 1 1 1 1 1 1 1 1 1 1 1 1
inputOffset 13 0.000 0.000 0.000
inputJitter 13 0.000
inputLFO 13 0 1.000 0 0 1.000 0 0 1.000 0 0 1.000 0
13 0.000 0.000 0 1 4.000 7.000 0.000 1 1 1 0 0 0 0 0.000 -0.900 0 0 1.500 0.000 0 36.485 22.182 33.105 23.163 29.981 24.883 27.201 34.921 22.808 29.671 25.442 27.201 27.201 34.778 34.509 0.364 0.541 0.400 0.527 0.436 0.502 0.471 0.380 0.532 0.440 0.495 0.471 0.471 0.382 0.385 1 1 1 1 1 1 1 1 1 1 1 1 1 1 1
inputOffset 14 0.000 0.000 0.000
inputJitter 14 0.000
inputLFO 14 0 1.000 0 0 1.000 0 0 1.000 0 0 1.000 0
14 0.000 0.000 0 1 1.427 2.698 0.000 1 1 1 0 0 0 0 0.000 -0.700 0 0 1.500 0.000 0 35.099 17.783 31.368 19.325 27.823 21.653 24.544 33.352 18.688 27.422 22.307 24.544 24.544 31.456 31.131 0.379 0.611 0.420 0.586 0.463 0.549 0.507 0.397 0.596 0.468 0.539 0.507 0.507 0.419 0.422 1 1 1 1 1 1 1 1 1 1 1 1 1 1 1
inputOffset 15 0.000 0.000 0.000
inputJitter 15 0.000
inputLFO 15 0 1.000 0 0 1.000 0 0 1.000 0 0 1.000 0
15 0.000 0.000 0 1 3.012 2.728 0.000 1 1 1 0 0 0 0 0.000 -0.700 0 0 1.500 0.000 0 35.099 17.783 31.368 19.325 27.823 21.653 24.544 33.352 18.688 27.422 22.307 24.544 24.544 31.456 31.131 0.379 0.611 0.420 0.586 0.463 0.549 0.507 0.397 0.596 0.468 0.539 0.507 0.507 0.419 0.422 1 1 1 1 1 1 1 1 1 1 1 1 1 1 1
inputOffset 16 0.000 0.000 0.000
inputJitter 16 0.000
inputLFO 16 0 1.000 0 0 1.000 0 0 1.000 0 0 1.000 0
16 0.000 0.000 0 1 -3.598 5.417 0.000 1 1 1 0 0 0 0 0.000 -0.700 0 0 1.500 0.000 0 2.397 24.763 3.405 20.410 7.457 16.065 11.737 3.917 22.837 8.837 15.711 11.737 11.737 15.364 15.797 0.774 0.504 0.797 0.568 0.814 0.641 0.723 0.897 0.531 0.783 0.647 0.723 0.723 0.654 0.646 1 1 1 1 1 1 1 1 1 1 1 1 1 1 1
inputOffset 17 0.000 0.000 0.000
inputJitter 17 0.000
inputLFO 17 0 1.000 0 0 1.000 0 0 1.000 0 0 1.000 0
17 0.000 0.000 0 1 -2.038 5.485 0.000 1 1 1 0 0 0 0 0.000 -0.700 0 0 1.500 0.000 0 3.427 22.780 0.941 18.412 5.308 14.044 9.676 1.243 20.596 6.036 13.316 9.676 9.676 12.821 13.254 0.708 0.532 0.627 0.601 0.791 0.678 0.765 0.966 0.566 0.846 0.692 0.765 0.765 0.701 0.693 1 1 1 1 1 1 1 1 1 1 1 1 1 1 1
inputOffset 18 0.000 0.000 0.000
inputJitter 18 0.000
inputLFO 18 0 1.000 0 0 1.000 0 0 1.000 0 0 1.000 0
18 0.000 0.000 0 1 -0.757 5.542 0.000 1 1 1 0 0 0 0 0.000 -0.700 0 0 1.500 0.000 0 22.780 3.427 18.412 0.941 14.044 5.308 9.676 20.596 1.243 13.316 6.036 9.676 9.676 13.254 12.821 0.532 0.708 0.601 0.627 0.678 0.791 0.765 0.566 0.966 0.692 0.846 0.765 0.765 0.693 0.701 1 1 1 1 1 1 1 1 1 1 1 1 1 1 1
inputOffset 19 0.000 0.000 0.000
inputJitter 19 0.000
inputLFO 19 0 1.000 0 0 1.000 0 0 1.000 0 0 1.000 0
19 0.000 0.000 0 1 1.221 5.374 0.000 1 1 1 0 0 0 0 0.000 -0.700 0 0 1.500 0.000 0 8.728 21.576 6.758 17.471 7.303 13.532 9.957 7.493 19.509 7.636 12.902 9.957 9.957 16.943 17.196 0.785 0.550 0.829 0.617 0.817 0.688 0.759 0.813 0.583 0.809 0.700 0.759 0.759 0.626 0.621 1 1 1 1 1 1 1 1 1 1 1 1 1 1 1
inputOffset 20 0.000 0.000 0.000
inputJitter 20 0.000
inputLFO 20 0 1.000 0 0 1.000 0 0 1.000 0 0 1.000 0
20 0.000 0.000 0 3 -2.000 8.000 0.000 1 1 1 0 0 0 0 0.000 -0.900 0 0 1.500 0.000 0 24.406 30.015 23.476 27.471 23.341 25.427 24.012 23.846 28.688 23.397 25.144 24.012 24.012 32.505 32.609 0.420 0.344 0.434 0.376 0.436 0.405 0.426 0.428 0.360 0.435 0.409 0.426 0.426 0.315 0.313 1 1 1 1 1 1 1 1 1 1 1 1 1 1 1
inputOffset 21 0.000 0.000 0.000
inputJitter 21 0.000
inputLFO 21 0 1.000 0 0 1.000 0 0 1.000 0 0 1.000 0
21 0.000 0.000 0 1 -0.861 5.900 0.000 1 1 1 0 0 0 0 0.000 -0.700 0 0 1.500 0.000 0 14.586 14.586 10.833 10.833 7.753 7.753 6.406 12.660 12.660 7.368 7.368 6.406 6.406 15.145 15.145 0.668 0.668 0.741 0.741 0.807 0.807 0.838 0.704 0.704 0.816 0.816 0.838 0.838 0.658 0.658 1 1 1 1 1 1 1 1 1 1 1 1 1 1 1
inputOffset 22 0.000 0.000 0.000
inputJitter 22 0.000
inputLFO 22 0 1.000 0 0 1.000 0 0 1.000 0 0 1.000 0
22 0.000 0.000 0 1 -4.801 6.176 0.000 1 1 1 0 0 0 0 0.000 0.000 0 0 1.500 0.000 0 14.586 14.586 10.833 10.833 7.753 7.753 6.406 12.660 12.660 7.368 7.368 6.406 6.406 15.145 15.145 0.668 0.668 0.741 0.741 0.807 0.807 0.838 0.704 0.704 0.816 0.816 0.838 0.838 0.658 0.658 1 1 1 1 1 1 1 1 1 1 1 1 1 1 1
inputOffset 23 0.000 0.000 0.000
inputJitter 23 0.000
inputLFO 23 0 1.000 0 0 1.000 0 0 1.000 0 0 1.000 0
23 0.000 0.000 0 1 -3.313 1.142 0.000 1 1 1 0 0 0 0 0.000 -0.597 0 0 1.500 0.000 0 3.450 3.450 1.593 1.593 0.408 0.408 0.000 2.445 2.445 0.284 0.284 0.000 0.000 8.737 8.737 1.000 1.000 1.000 1.000 1.000 1.000 1.000 1.000 1.000 1.000 1.000 1.000 1.000 1.000 1.000 1 1 1 1 1 1 1 1 1 1 1 1 1 1 1
inputOffset 24 0.000 0.000 0.000
inputJitter 24 0.000
inputLFO 24 0 1.000 0 0 1.000 0 0 1.000 0 0 1.000 0
24 0.000 0.000 0 1 -0.130 3.472 0.000 1 1 1 0 0 0 0 0.000 -0.597 0 0 1.500 0.000 0 3.450 3.450 1.593 1.593 0.408 0.408 0.000 2.445 2.445 0.284 0.284 0.000 0.000 8.737 8.737 1.000 1.000 1.000 1.000 1.000 1.000 1.000 1.000 1.000 1.000 1.000 1.000 1.000 1.000 1.000 1 1 1 1 1 1 1 1 1 1 1 1 1 1 1
inputOffset 25 0.000 0.000 0.000
inputJitter 25 0.000
inputLFO 25 0 1.000 0 0 1.000 0 0 1.000 0 0 1.000 0
25 0.000 0.000 0 1 3.012 2.728 0.000 1 1 1 0 0 0 0 0.000 -0.700 0 0 1.500 0.000 0 3.450 3.450 1.593 1.593 0.408 0.408 0.000 2.445 2.445 0.284 0.284 0.000 0.000 8.737 8.737 1.000 1.000 1.000 1.000 1.000 1.000 1.000 1.000 1.000 1.000 1.000 1.000 1.000 1.000 1.000 1 1 1 1 1 1 1 1 1 1 1 1 1 1 1
inputOffset 26 0.000 0.000 0.000
inputJitter 26 0.000
inputLFO 26 0 1.000 0 0 1.000 0 0 1.000 0 0 1.000 0
26 0.000 0.000 0 1 -3.598 5.417 0.000 1 1 1 0 0 0 0 0.000 -0.700 0 0 1.500 0.000 0 3.450 3.450 1.593 1.593 0.408 0.408 0.000 2.445 2.445 0.284 0.284 0.000 0.000 8.737 8.737 1.000 1.000 1.000 1.000 1.000 1.000 1.000 1.000 1.000 1.000 1.000 1.000 1.000 1.000 1.000 1 1 1 1 1 1 1 1 1 1 1 1 1 1 1
inputOffset 27 0.000 0.000 0.000
inputJitter 27 0.000
inputLFO 27 0 1.000 0 0 1.000 0 0 1.000 0 0 1.000 0
27 0.000 0.000 0 1 -1.623 8.275 0.000 1 1 1 0 0 0 0 1.500 -0.700 0 0 1.500 0.000 0 3.450 3.450 1.593 1.593 0.408 0.408 0.000 2.445 2.445 0.284 0.284 0.000 0.000 8.737 8.737 1.000 1.000 1.000 1.000 1.000 1.000 1.000 1.000 1.000 1.000 1.000 1.000 1.000 1.000 1.000 1 1 1 1 1 1 1 1 1 1 1 1 1 1 1
inputOffset 28 0.000 0.000 0.000
inputJitter 28 0.000
inputLFO 28 0 1.000 0 0 1.000 0 0 1.000 0 0 1.000 0
28 0.000 0.000 0 1 -1.623 8.275 0.000 1 1 1 0 0 0 0 0.000 -0.700 0 0 1.500 0.000 0 3.450 3.450 1.593 1.593 0.408 0.408 0.000 2.445 2.445 0.284 0.284 0.000 0.000 8.737 8.737 1.000 1.000 1.000 1.000 1.000 1.000 1.000 1.000 1.000 1.000 1.000 1.000 1.000 1.000 1.000 1 1 1 1 1 1 1 1 1 1 1 1 1 1 1
inputOffset 29 0.000 0.000 0.000
inputJitter 29 0.000
inputLFO 29 0 1.000 0 0 1.000 0 0 1.000 0 0 1.000 0
29 0.000 0.000 0 1 0.000 10.000 0.000 1 1 1 0 0 0 0 0.000 -0.876 0 0 1.500 0.000 0 31.931 31.931 30.401 30.401 29.445 29.445 29.119 31.099 31.099 29.345 29.345 29.119 29.119 37.856 37.856 0.331 0.331 0.349 0.349 0.361 0.361 0.365 0.341 0.341 0.362 0.362 0.365 0.365 0.270 0.270 1 1 1 1 1 1 1 1 1 1 1 1 1 1 1
inputOffset 30 0.000 0.000 0.000
inputJitter 30 0.000
inputLFO 30 0 1.000 0 0 1.000 0 0 1.000 0 0 1.000 0
30 0.000 0.000 0 1 0.000 10.000 0.000 1 1 1 0 0 0 0 0.000 -0.876 0 0 1.500 0.000 0 31.931 31.931 30.401 30.401 29.445 29.445 29.119 31.099 31.099 29.345 29.345 29.119 29.119 37.856 37.856 0.331 0.331 0.349 0.349 0.361 0.361 0.365 0.341 0.341 0.362 0.362 0.365 0.365 0.270 0.270 1 1 1 1 1 1 1 1 1 1 1 1 1 1 1
inputOffset 31 0.000 0.000 0.000
inputJitter 31 0.000
inputLFO 31 0 1.000 0 0 1.000 0 0 1.000 0 0 1.000 0
31 0.000 0.000 0 3 -2.000 8.000 0.000 1 1 1 0 0 0 0 0.000 -0.900 0 0 1.500 0.000 0 21.497 12.524 17.772 10.599 14.413 10.295 11.738 19.601 11.395 13.908 10.423 11.738 11.738 19.891 19.719 0.465 0.640 0.531 0.686 0.599 0.693 0.659 0.498 0.667 0.610 0.690 0.659 0.659 0.493 0.496 1 1 1 1 1 1 1 1 1 1 1 1 1 1 1
inputOffset 32 0.000 0.000 0.000
inputJitter 32 0.000
inputLFO 32 0 1.000 0 0 1.000 0 0 1.000 0 0 1.000 0
32 0.000 0.000 0 3 -2.000 8.000 0.000 1 1 1 0 0 0 0 0.000 -0.900 0 0 1.500 0.000 0 21.497 12.524 17.772 10.599 14.413 10.295 11.738 19.601 11.395 13.908 10.423 11.738 11.738 19.891 19.719 0.465 0.640 0.531 0.686 0.599 0.693 0.659 0.498 0.667 0.610 0.690 0.659 0.659 0.493 0.496 1 1 1 1 1 1 1 1 1 1 1 1 1 1 1
