inputNames 1 input_1
inputNames 2 input_2
inputNames 3 input_3
inputNames 4 input_4
inputNames 5 input_5
inputNames 6 input_6
inputNames 7 input_7
inputNames 8 input_8
inputNames 9 input_9
inputNames 10 input_10
inputNames 11 input_11
inputNames 12 input_12
inputNames 13 input_13
inputNames 14 input_14
inputNames 15 input_15
inputNames 16 input_16
inputNames 17 input_17
inputNames 18 input_18
inputNames 19 input_19
inputNames 20 input_20
inputNames 21 input_21
inputNames 22 input_22
inputNames 23 input_23
inputNames 24 input_24
inputNames 25 input_25
inputNames 26 input_26
inputNames 27 input_27
inputNames 28 input_28
inputNames 29 input_29
inputNames 30 input_30
inputNames 31 input_31
inputNames 32 input_32
inputOffset 1 0.000 0.000 0.000
inputJitter 1 0.000
inputLFO 1 0 1.000 0 0 1.000 0 0 1.000 0 0 1.000 0
1 0.000 0.000 0 1 -4.000 2.000 0.000 1 1 1 0 0 0 0 0.000 -0.900 0 0 1.500 0.000 0 13.103 13.103 8.736 8.736 4.368 4.368 0.000 10.920 10.920 3.640 3.640 0.000 0.000 8.741 8.741 0.696 0.696 0.785 0.785 0.886 0.886 1.000 0.739 0.739 0.904 0.904 1.000 1.000 0.785 0.785 1 1 1 1 1 1 1 1 1 1 1 1 1 1 1
inputOffset 2 0.000 0.000 0.000
inputJitter 2 0.000
inputLFO 2 0 1.000 0 0 1.000 0 0 1.000 0 0 1.000 0
2 0.000 0.000 0 1 5.196 8.765 0.000 1 1 1 0 0 0 0 0.000 -0.876 0 0 1.500 0.000 0 13.103 13.103 8.736 8.736 4.368 4.368 0.000 10.920 10.920 3.640 3.640 0.000 0.000 8.741 8.741 0.696 0.696 0.785 0.785 0.886 0.886 1.000 0.739 0.739 0.904 0.904 1.000 1.000 0.785 0.785 1 1 1 1 1 1 1 1 1 1 1 1 1 1 1
inputOffset 3 0.000 0.000 0.000
inputJitter 3 0.000
inputLFO 3 0 1.000 0 0 1.000 0 0 1.000 0 0 1.000 0
3 0.000 0.000 0 1 4.000 4.000 0.000 1 1 1 0 0 0 0 0.000 -0.900 0 0 1.500 0.000 0 13.103 13.103 8.736 8.736 4.368 4.368 0.000 10.920 10.920 3.640 3.640 0.000 0.000 8.741 8.741 0.696 0.696 0.785 0.785 0.886 0.886 1.000 0.739 0.739 0.904 0.904 1.000 1.000 0.785 0.785 1 1 1 1 1 1 1 1 1 1 1 1 1 1 1
inputOffset 4 0.000 0.000 0.000
inputJitter 4 0.000
inputLFO 4 0 1.000 0 0 1.000 0 0 1.000 0 0 1.000 0
4 0.000 0.000 0 1 -6.000 10.000 5.000 1 1 1 0 0 0 100 0.000 -0.700 0 0 1.500 0.000 0 13.103 13.103 8.736 8.736 4.368 4.368 0.000 10.920 10.920 3.640 3.640 0.000 0.000 8.741 8.741 0.696 0.696 0.785 0.785 0.886 0.886 1.000 0.739 0.739 0.904 0.904 1.000 1.000 0.785 0.785 1 1 1 1 1 1 1 1 1 1 1 1 1 1 1
inputOffset 5 0.000 0.000 0.000
inputJitter 5 0.000
inputLFO 5 0 1.000 0 0 1.000 0 0 1.000 0 0 1.000 0
5 0.000 0.000 0 1 3.012 2.728 0.000 1 1 1 0 0 0 0 0.000 -0.700 0 0 1.500 0.000 0 13.103 13.103 8.736 8.736 4.368 4.368 0.000 10.920 10.920 3.640 3.640 0.000 0.000 8.741 8.741 0.696 0.696 0.785 0.785 0.886 0.886 1.000 0.739 0.739 0.904 0.904 1.000 1.000 0.785 0.785 1 1 1 1 1 1 1 1 1 1 1 1 1 1 1
inputOffset 6 0.000 0.000 0.000
inputJitter 6 0.000
inputLFO 6 0 1.000 0 0 1.000 0 0 1.000 0 0 1.000 0
6 0.000 0.000 0 1 0.000 6.000 0.000 1 1 1 0 0 0 0 0.000 -0.700 0 0 1.500 0.000 0 13.103 13.103 8.736 8.736 4.368 4.368 0.000 10.920 10.920 3.640 3.640 0.000 0.000 8.741 8.741 0.696 0.696 0.785 0.785 0.886 0.886 1.000 0.739 0.739 0.904 0.904 1.000 1.000 0.785 0.785 1 1 1 1 1 1 1 1 1 1 1 1 1 1 1
inputOffset 7 0.000 0.000 0.000
inputJitter 7 0.000
inputLFO 7 0 1.000 0 0 1.000 0 0 1.000 0 0 1.000 0
7 0.000 0.000 0 1 -6.000 10.000 0.000 1 1 1 0 0 0 0 0.000 -0.300 0 0 1.500 0.000 0 13.103 13.103 8.736 8.736 4.368 4.368 0.000 10.920 10.920 3.640 3.640 0.000 0.000 8.741 8.741 0.696 0.696 0.785 0.785 0.886 0.886 1.000 0.739 0.739 0.904 0.904 1.000 1.000 0.785 0.785 1 1 1 1 1 1 1 1 1 1 1 1 1 1 1
inputOffset 8 0.000 0.000 0.000
inputJitter 8 0.000
inputLFO 8 0 1.000 0 0 1.000 0 0 1.000 0 0 1.000 0
8 0.000 0.000 0 1 6.000 10.000 0.000 1 1 1 0 0 0 0 0.000 -0.300 0 0 1.500 0.000 0 13.103 13.103 8.736 8.736 4.368 4.368 0.000 10.920 10.920 3.640 3.640 0.000 0.000 8.741 8.741 0.696 0.696 0.785 0.785 0.886 0.886 1.000 0.739 0.739 0.904 0.904 1.000 1.000 0.785 0.785 1 1 1 1 1 1 1 1 1 1 1 1 1 1 1
inputOffset 9 0.000 0.000 0.000
inputJitter 9 0.000
inputLFO 9 0 1.000 0 0 1.000 0 0 1.000 0 0 1.000 0
9 0.000 0.000 0 1 -5.000 5.000 0.000 1 1 1 0 0 0 0 0.000 -0.700 0 0 1.500 0.000 0 13.103 13.103 8.736 8.736 4.368 4.368 0.000 10.920 10.920 3.640 3.640 0.000 0.000 8.741 8.741 0.696 0.696 0.785 0.785 0.886 0.886 1.000 0.739 0.739 0.904 0.904 1.000 1.000 0.785 0.785 1 1 1 1 1 1 1 1 1 1 1 1 1 1 1
inputOffset 10 0.000 0.000 0.000
inputJitter 10 0.000
inputLFO 10 0 1.000 0 0 1.000 0 0 1.000 0 0 1.000 0
10 0.000 0.000 0 1 0.000 10.000 5.000 1 1 1 0 0 0 100 0.000 -0.100 0 0 1.500 0.000 0 13.103 13.103 8.736 8.736 4.368 4.368 0.000 10.920 10.920 3.640 3.640 0.000 0.000 8.741 8.741 0.696 0.696 0.785 0.785 0.886 0.886 1.000 0.739 0.739 0.904 0.904 1.000 1.000 0.785 0.785 1 1 1 1 1 1 1 1 1 1 1 1 1 1 1
inputOffset 11 0.000 0.000 0.000
inputJitter 11 0.000
inputLFO 11 0 1.000 0 0 1.000 0 0 1.000 0 0 1.000 0
11 0.000 0.000 0 1 -5.000 0.000 5.000 1 1 1 0 0 0 100 0.000 -0.700 0 0 1.500 0.000 0 13.103 13.103 8.736 8.736 4.368 4.368 0.000 10.920 10.920 3.640 3.640 0.000 0.000 8.741 8.741 0.696 0.696 0.785 0.785 0.886 0.886 1.000 0.739 0.739 0.904 0.904 1.000 1.000 0.785 0.785 1 1 1 1 1 1 1 1 1 1 1 1 1 1 1
inputOffset 12 0.000 0.000 0.000
inputJitter 12 0.000
inputLFO 12 0 1.000 0 0 1.000 0 0 1.000 0 0 1.000 0
12 0.000 0.000 0 1 5.000 0.000 5.000 1 1 1 0 0 0 100 0.000 -0.700 0 0 1.500 0.000 0 13.103 13.103 8.736 8.736 4.368 4.368 0.000 10.920 10.920 3.640 3.640 0.000 0.000 8.741 8.741 0.696 0.696 0.785 0.785 0.886 0.886 1.000 0.739 0.739 0.904 0.904 1.000 1.000 0.785 0.785 1 1 1 1 1 1 1 1 1 1 1 1 1 1 1
inputOffset 13 0.000 0.000 0.000
inputJitter 13 0.000
inputLFO 13 0 1.000 0 0 1.000 0 0 1.000 0 0 1.000 0
13 0.000 0.000 0 1 4.000 7.000 0.000 1 1 1 0 0 0 0 0.000 -0.900 0 0 1.500 0.000 0 13.103 13.103 8.736 8.736 4.368 4.368 0.000 10.920 10.920 3.640 3.640 0.000 0.000 8.741 8.741 0.696 0.696 0.785 0.785 0.886 0.886 1.000 0.739 0.739 0.904 0.904 1.000 1.000 0.785 0.785 1 1 1 1 1 1 1 1 1 1 1 1 1 1 1
inputOffset 14 0.000 0.000 0.000
inputJitter 14 0.000
inputLFO 14 0 1.000 0 0 1.000 0 0 1.000 0 0 1.000 0
14 0.000 0.000 0 1 1.427 2.698 0.000 1 1 1 0 0 0 0 0.000 -0.700 0 0 1.500 0.000 0 13.103 13.103 8.736 8.736 4.368 4.368 0.000 10.920 10.920 3.640 3.640 0.000 0.000 8.741 8.741 0.696 0.696 0.785 0.785 0.886 0.886 1.000 0.739 0.739 0.904 0.904 1.000 1.000 0.785 0.785 1 1 1 1 1 1 1 1 1 1 1 1 1 1 1
inputOffset 15 0.000 0.000 0.000
inputJitter 15 0.000
inputLFO 15 0 1.000 0 0 1.000 0 0 1.000 0 0 1.000 0
15 0.000 0.000 0 1 3.012 2.728 0.000 1 1 1 0 0 0 0 0.000 -0.700 0 0 1.500 0.000 0 13.103 13.103 8.736 8.736 4.368 4.368 0.000 10.920 10.920 3.640 3.640 0.000 0.000 8.741 8.741 0.696 0.696 0.785 0.785 0.886 0.886 1.000 0.739 0.739 0.904 0.904 1.000 1.000 0.785 0.785 1 1 1 1 1 1 1 1 1 1 1 1 1 1 1
inputOffset 16 0.000 0.000 0.000
inputJitter 16 0.000
inputLFO 16 0 1.000 0 0 1.000 0 0 1.000 0 0 1.000 0
16 0.000 0.000 0 1 -3.598 5.417 0.000 1 1 1 0 0 0 0 0.000 -0.700 0 0 1.500 0.000 0 13.103 13.103 8.736 8.736 4.368 4.368 0.000 10.920 10.920 3.640 3.640 0.000 0.000 8.741 8.741 0.696 0.696 0.785 0.785 0.886 0.886 1.000 0.739 0.739 0.904 0.904 1.000 1.000 0.785 0.785 1 1 1 1 1 1 1 1 1 1 1 1 1 1 1
inputOffset 17 0.000 0.000 0.000
inputJitter 17 0.000
inputLFO 17 0 1.000 0 0 1.000 0 0 1.000 0 0 1.000 0
17 0.000 0.000 0 1 -2.038 5.485 0.000 1 1 1 0 0 0 0 0.000 -0.700 0 0 1.500 0.000 0 13.103 13.103 8.736 8.736 4.368 4.368 0.000 10.920 10.920 3.640 3.640 0.000 0.000 8.741 8.741 0.696 0.696 0.785 0.785 0.886 0.886 1.000 0.739 0.739 0.904 0.904 1.000 1.000 0.785 0.785 1 1 1 1 1 1 1 1 1 1 1 1 1 1 1
inputOffset 18 0.000 0.000 0.000
inputJitter 18 0.000
inputLFO 18 0 1.000 0 0 1.000 0 0 1.000 0 0 1.000 0
18 0.000 0.000 0 1 -0.757 5.542 0.000 1 1 1 0 0 0 0 0.000 -0.700 0 0 1.500 0.000 0 13.103 13.103 8.736 8.736 4.368 4.368 0.000 10.920 10.920 3.640 3.640 0.000 0.000 8.741 8.741 0.696 0.696 0.785 0.785 0.886 0.886 1.000 0.739 0.739 0.904 0.904 1.000 1.000 0.785 0.785 1 1 1 1 1 1 1 1 1 1 1 1 1 1 1
inputOffset 19 0.000 0.000 0.000
inputJitter 19 0.000
inputLFO 19 0 1.000 0 0 1.000 0 0 1.000 0 0 1.000 0
19 0.000 0.000 0 1 1.221 5.374 0.000 1 1 1 0 0 0 0 0.000 -0.700 0 0 1.500 0.000 0 13.103 13.103 8.736 8.736 4.368 4.368 0.000 10.920 10.920 3.640 3.640 0.000 0.000 8.741 8.741 0.696 0.696 0.785 0.785 0.886 0.886 1.000 0.739 0.739 0.904 0.904 1.000 1.000 0.785 0.785 1 1 1 1 1 1 1 1 1 1 1 1 1 1 1
inputOffset 20 0.000 0.000 0.000
inputJitter 20 0.000
inputLFO 20 0 1.000 0 0 1.000 0 0 1.000 0 0 1.000 0
20 0.000 0.000 0 3 2.009 3.240 0.000 1 1 1 0 0 0 0 0.000 -0.900 0 0 1.500 0.000 0 21.171 11.902 17.370 9.867 13.907 9.550 11.101 19.241 10.711 13.381 9.690 11.101 11.101 19.180 19.002 0.471 0.655 0.539 0.704 0.610 0.712 0.674 0.504 0.683 0.621 0.708 0.674 0.674 0.505 0.509 1 1 1 1 1 1 1 1 1 1 1 1 1 1 1
inputOffset 21 0.000 0.000 0.000
inputJitter 21 0.000
inputLFO 21 0 1.000 0 0 1.000 0 0 1.000 0 0 1.000 0
21 0.000 0.000 0 1 -0.861 5.900 0.000 1 1 1 0 0 0 0 0.000 -0.700 0 0 1.500 0.000 0 13.103 13.103 8.736 8.736 4.368 4.368 0.000 10.920 10.920 3.640 3.640 0.000 0.000 8.741 8.741 0.696 0.696 0.785 0.785 0.886 0.886 1.000 0.739 0.739 0.904 0.904 1.000 1.000 0.785 0.785 1 1 1 1 1 1 1 1 1 1 1 1 1 1 1
inputOffset 22 0.000 0.000 0.000
inputJitter 22 0.000
inputLFO 22 0 1.000 0 0 1.000 0 0 1.000 0 0 1.000 0
22 0.000 0.000 0 1 -4.801 6.176 0.000 1 1 1 0 0 0 0 0.000 0.000 0 0 1.500 0.000 0 13.103 13.103 8.736 8.736 4.368 4.368 0.000 10.920 10.920 3.640 3.640 0.000 0.000 8.741 8.741 0.696 0.696 0.785 0.785 0.886 0.886 1.000 0.739 0.739 0.904 0.904 1.000 1.000 0.785 0.785 1 1 1 1 1 1 1 1 1 1 1 1 1 1 1
inputOffset 23 0.000 0.000 0.000
inputJitter 23 0.000
inputLFO 23 0 1.000 0 0 1.000 0 0 1.000 0 0 1.000 0
23 0.000 0.000 0 1 -3.313 1.142 0.000 1 1 1 0 0 0 0 0.000 -0.597 0 0 1.500 0.000 0 13.103 13.103 8.736 8.736 4.368 4.368 0.000 10.920 10.920 3.640 3.640 0.000 0.000 8.741 8.741 0.696 0.696 0.785 0.785 0.886 0.886 1.000 0.739 0.739 0.904 0.904 1.000 1.000 0.785 0.785 1 1 1 1 1 1 1 1 1 1 1 1 1 1 1
inputOffset 24 0.000 0.000 0.000
inputJitter 24 0.000
inputLFO 24 0 1.000 0 0 1.000 0 0 1.000 0 0 1.000 0
24 0.000 0.000 0 1 -0.130 3.472 0.000 1 1 1 0 0 0 0 0.000 -0.597 0 0 1.500 0.000 0 13.103 13.103 8.736 8.736 4.368 4.368 0.000 10.920 10.920 3.640 3.640 0.000 0.000 8.741 8.741 0.696 0.696 0.785 0.785 0.886 0.886 1.000 0.739 0.739 0.904 0.904 1.000 1.000 0.785 0.785 1 1 1 1 1 1 1 1 1 1 1 1 1 1 1
inputOffset 25 0.000 0.000 0.000
inputJitter 25 0.000
inputLFO 25 0 1.000 0 0 1.000 0 0 1.000 0 0 1.000 0
25 0.000 0.000 0 1 3.012 2.728 0.000 1 1 1 0 0 0 0 0.000 -0.700 0 0 1.500 0.000 0 13.103 13.103 8.736 8.736 4.368 4.368 0.000 10.920 10.920 3.640 3.640 0.000 0.000 8.741 8.741 0.696 0.696 0.785 0.785 0.886 0.886 1.000 0.739 0.739 0.904 0.904 1.000 1.000 0.785 0.785 1 1 1 1 1 1 1 1 1 1 1 1 1 1 1
inputOffset 26 0.000 0.000 0.000
inputJitter 26 0.000
inputLFO 26 0 1.000 0 0 1.000 0 0 1.000 0 0 1.000 0
26 0.000 0.000 0 1 -3.598 5.417 0.000 1 1 1 0 0 0 0 0.000 -0.700 0 0 1.500 0.000 0 13.103 13.103 8.736 8.736 4.368 4.368 0.000 10.920 10.920 3.640 3.640 0.000 0.000 8.741 8.741 0.696 0.696 0.785 0.785 0.886 0.886 1.000 0.739 0.739 0.904 0.904 1.000 1.000 0.785 0.785 1 1 1 1 1 1 1 1 1 1 1 1 1 1 1
inputOffset 27 0.000 0.000 0.000
inputJitter 27 0.000
inputLFO 27 0 1.000 0 0 1.000 0 0 1.000 0 0 1.000 0
27 0.000 0.000 0 1 -1.623 8.275 0.000 1 1 1 0 0 0 0 1.500 -0.700 0 0 1.500 0.000 0 13.103 13.103 8.736 8.736 4.368 4.368 0.000 10.920 10.920 3.640 3.640 0.000 0.000 8.741 8.741 0.696 0.696 0.785 0.785 0.886 0.886 1.000 0.739 0.739 0.904 0.904 1.000 1.000 0.785 0.785 1 1 1 1 1 1 1 1 1 1 1 1 1 1 1
inputOffset 28 0.000 0.000 0.000
inputJitter 28 0.000
inputLFO 28 0 1.000 0 0 1.000 0 0 1.000 0 0 1.000 0
28 0.000 0.000 0 1 -1.623 8.275 0.000 1 1 1 0 0 0 0 0.000 -0.700 0 0 1.500 0.000 0 13.103 13.103 8.736 8.736 4.368 4.368 0.000 10.920 10.920 3.640 3.640 0.000 0.000 8.741 8.741 0.696 0.696 0.785 0.785 0.886 0.886 1.000 0.739 0.739 0.904 0.904 1.000 1.000 0.785 0.785 1 1 1 1 1 1 1 1 1 1 1 1 1 1 1
inputOffset 29 0.000 0.000 0.000
inputJitter 29 0.000
inputLFO 29 0 1.000 0 0 1.000 0 0 1.000 0 0 1.000 0
29 0.000 0.000 0 1 5.196 8.765 0.000 1 1 1 0 0 0 0 0.000 -0.876 0 0 1.500 0.000 0 13.103 13.103 8.736 8.736 4.368 4.368 0.000 10.920 10.920 3.640 3.640 0.000 0.000 8.741 8.741 0.696 0.696 0.785 0.785 0.886 0.886 1.000 0.739 0.739 0.904 0.904 1.000 1.000 0.785 0.785 1 1 1 1 1 1 1 1 1 1 1 1 1 1 1
inputOffset 30 0.000 0.000 0.000
inputJitter 30 0.000
inputLFO 30 0 1.000 0 0 1.000 0 0 1.000 0 0 1.000 0
30 0.000 0.000 0 1 5.196 8.765 0.000 1 1 1 0 0 0 0 0.000 -0.876 0 0 1.500 0.000 0 13.103 13.103 8.736 8.736 4.368 4.368 0.000 10.920 10.920 3.640 3.640 0.000 0.000 8.741 8.741 0.696 0.696 0.785 0.785 0.886 0.886 1.000 0.739 0.739 0.904 0.904 1.000 1.000 0.785 0.785 1 1 1 1 1 1 1 1 1 1 1 1 1 1 1
inputOffset 31 0.000 0.000 0.000
inputJitter 31 0.000
inputLFO 31 0 1.000 0 0 1.000 0 0 1.000 0 0 1.000 0
31 0.000 0.000 0 3 2.009 3.240 0.000 1 1 1 0 0 0 0 0.000 -0.900 0 0 1.500 0.000 0 21.171 11.902 17.370 9.867 13.907 9.550 11.101 19.241 10.711 13.381 9.690 11.101 11.101 19.180 19.002 0.471 0.655 0.539 0.704 0.610 0.712 0.674 0.504 0.683 0.621 0.708 0.674 0.674 0.505 0.509 1 1 1 1 1 1 1 1 1 1 1 1 1 1 1
inputOffset 32 0.000 0.000 0.000
inputJitter 32 0.000
inputLFO 32 0 1.000 0 0 1.000 0 0 1.000 0 0 1.000 0
32 0.000 0.000 0 3 2.009 3.240 0.000 1 1 1 0 0 0 0 0.000 -0.900 0 0 1.500 0.000 0 21.171 11.902 17.370 9.867 13.907 9.550 11.101 19.241 10.711 13.381 9.690 11.101 11.101 19.180 19.002 0.471 0.655 0.539 0.704 0.610 0.712 0.674 0.504 0.683 0.621 0.708 0.674 0.674 0.505 0.509 1 1 1 1 1 1 1 1 1 1 1 1 1 1 1
