outputNames 1 FF_1
outputNames 2 FF_7
outputNames 3 FF_2
outputNames 4 FF_6
outputNames 5 FF_3
outputNames 6 FF_5
outputNames 7 FF_4
outputNames 8 108_1
outputNames 9 108_4
outputNames 10 108_2
outputNames 11 108_3
outputNames 12 Sub_L
outputNames 13 Sub_R
outputNames 14 HdPh_L
outputNames 15 HdPh_R
1 0.000 0.000 -4.500 0.000 0.000 -0.200
2 0.000 0.000 4.500 0.000 0.000 -0.200
3 0.000 0.000 -3.000 0.000 0.000 -0.200
4 0.000 0.000 3.000 0.000 0.000 -0.200
5 0.000 0.000 -1.500 0.000 0.000 -0.200
6 0.000 0.000 1.500 0.000 0.000 -0.200
7 0.000 0.000 0.000 0.000 0.000 -0.200
8 -12.000 0.000 -3.750 0.000 5.000 -0.200
9 -12.000 0.000 3.750 0.000 5.000 -0.200
10 -12.000 0.000 -1.250 0.000 5.000 -0.200
11 -12.000 0.000 1.250 0.000 5.000 -0.200
12 0.000 0.000 0.000 0.000 0.000 0.000
13 0.000 0.000 0.000 0.000 0.000 0.000
14 0.000 0.000 -0.100 -3.000 0.000 -0.200
15 0.000 0.000 0.100 -3.000 0.000 -0.200
