param 24
inputNames 1 Vionlon_1a
inputNames 2 Vionlon_1b
inputNames 3 Alto
inputNames 4 Cello_1
inputNames 5 Cello_2
inputNames 6 Violon_2
inputNames 7 CBasse_clas.
inputNames 8 CBasse_Jazz
inputNames 9 Piano
inputNames 10 Accordeon
inputNames 11 Cor
inputNames 12 Sax
inputNames 13 trompette
inputNames 14 Clarinette
inputNames 15 Clavier
inputNames 16 Guitare_1
inputNames 17 Mandoline
inputNames 18 Guitare_2
inputNames 19 Batterie_OH
inputNames 20 Batterie_GC
inputNames 21 Vibra
inputNames 22 Xylo
inputNames 23 Timbales
inputNames 24 Harmonica
inputNames 25 HF_main
inputNames 26 Soprano
inputNames 27 Baryton
inputNames 28 HF_Jean
inputNames 29 HF_Rocco
inputNames 30 Room_1
inputNames 31 Room_2
inputNames 32 Hall_1
inputNames 33 Hall_2
inputNames 34 Plate
inputNames 35 Bright_L
inputNames 36 Bright_R
inputOffest 1 0.000 0.000 0.000
inputJitter 1 0.000
inputLFO 1 0 1.000 0 0 1.000 0 0 1.000 0 0 1.000 0
1 0.000 0.000 0 2 -3.240 2.420 0.000 1 1 1 0 0 0 0 0.000 -0.700 360 0 0.000 0 1 5.600 0.000 0 12.193 27.270 8.946 21.833 8.861 16.639 12.005 19.765 17.902 22.778 31.395 12.005 17.709 17.987 0.712 0.468 0.780 0.545 0.782 0.629 0.716 0.577 0.608 0.531 0.417 0.716 0.611 0.606 1.000 1.000 1.000 1.000 1.000 1.000 1.000 1.000 1.000 1.000 1.000 1.000 1.000 1.000
inputOffest 2 0.000 0.000 0.000
inputJitter 2 0.000
inputLFO 2 0 1.000 0 0 1.000 0 0 1.000 0 0 1.000 0
2 0.000 0.000 0 3 0.677 3.220 0.000 1 1 1 0 0 0 0 0.000 -0.700 360 0 0.000 0 1 5.700 -6.900 0 22.140 18.809 17.311 14.447 13.276 11.436 10.952 27.854 21.492 20.407 25.287 10.952 18.157 18.094 0.540 0.593 0.618 0.606 0.592 0.570 0.564 0.461 0.550 0.567 0.495 0.737 0.603 0.604 1.000 1.000 1.000 1.000 1.000 1.000 1.000 1.000 1.000 1.000 1.000 1.000 1.000 1.000
inputOffest 3 0.000 0.000 0.000
inputJitter 3 0.000
inputLFO 3 0 1.000 0 0 1.000 0 0 1.000 0 0 1.000 0
3 0.000 0.000 0 4 -2.000 4.000 0.000 1 1 1 0 0 0 0 0.000 -0.700 360 0 0.000 0 1 6.500 -5.600 0 17.440 17.440 11.676 11.676 5.971 5.971 1.448 20.418 12.183 12.183 20.418 1.448 8.694 8.694 0.616 0.616 0.723 0.723 0.847 0.847 0.961 0.567 0.713 0.713 0.567 0.961 0.785 0.785 1.000 1.000 1.000 1.000 1.000 1.000 1.000 1.000 1.000 1.000 1.000 1.000 1.000 1.000
inputOffest 4 0.000 0.000 0.000
inputJitter 4 0.000
inputLFO 4 0 1.000 0 0 1.000 0 0 1.000 0 0 1.000 0
4 0.000 0.000 0 5 -0.500 4.000 0.000 1 1 1 0 0 0 0 0.000 -0.700 360 0 0.000 0 0 1.500 0.000 0 17.440 17.440 11.676 11.676 5.971 5.971 1.448 20.418 12.183 12.183 20.418 1.448 8.694 8.694 0.616 0.616 0.723 0.723 0.847 0.847 0.961 0.567 0.713 0.713 0.567 0.961 0.785 0.785 1.000 1.000 1.000 1.000 1.000 1.000 1.000 1.000 1.000 1.000 1.000 1.000 1.000 1.000
inputOffest 5 0.000 0.000 0.000
inputJitter 5 0.000
inputLFO 5 0 1.000 0 0 1.000 0 0 1.000 0 0 1.000 0
5 0.000 0.000 0 6 0.500 4.000 0.000 1 1 1 0 0 0 0 0.000 -0.700 360 0 0.000 0 0 1.500 0.000 0 17.440 17.440 11.676 11.676 5.971 5.971 1.448 20.418 12.183 12.183 20.418 1.448 8.694 8.694 0.616 0.616 0.723 0.723 0.847 0.847 0.961 0.567 0.713 0.713 0.567 0.961 0.785 0.785 1.000 1.000 1.000 1.000 1.000 1.000 1.000 1.000 1.000 1.000 1.000 1.000 1.000 1.000
inputOffest 6 0.000 0.000 0.000
inputJitter 6 0.000
inputLFO 6 0 1.000 0 0 1.000 0 0 1.000 0 0 1.000 0
6 0.000 0.000 0 7 2.000 2.000 0.000 1 1 1 0 0 0 0 0.000 -0.700 360 0 0.000 0 1 6.000 -6.000 0 17.440 17.440 11.676 11.676 5.971 5.971 1.448 20.418 12.183 12.183 20.418 1.448 8.694 8.694 0.616 0.616 0.723 0.723 0.847 0.847 0.961 0.567 0.713 0.713 0.567 0.961 0.785 0.785 1.000 1.000 1.000 1.000 1.000 1.000 1.000 1.000 1.000 1.000 1.000 1.000 1.000 1.000
inputOffest 7 0.000 0.000 0.000
inputJitter 7 0.000
inputLFO 7 0 1.000 0 0 1.000 0 0 1.000 0 0 1.000 0
7 0.000 0.000 0 1 -2.300 4.000 0.000 1 1 1 0 0 0 0 0.000 -0.700 360 0 0.000 0 0 1.500 0.000 0 17.440 17.440 11.676 11.676 5.971 5.971 1.448 20.418 12.183 12.183 20.418 1.448 8.694 8.694 0.616 0.616 0.723 0.723 0.847 0.847 0.961 0.567 0.713 0.713 0.567 0.961 0.785 0.785 1.000 1.000 1.000 1.000 1.000 1.000 1.000 1.000 1.000 1.000 1.000 1.000 1.000 1.000
inputOffest 8 0.000 0.000 0.000
inputJitter 8 0.000
inputLFO 8 0 1.000 0 0 1.000 0 0 1.000 0 0 1.000 0
8 0.000 0.000 0 1 -2.300 4.000 0.000 1 1 1 0 0 0 0 0.000 -0.700 360 0 0.000 0 0 1.500 0.000 0 17.440 17.440 11.676 11.676 5.971 5.971 1.448 20.418 12.183 12.183 20.418 1.448 8.694 8.694 0.616 0.616 0.723 0.723 0.847 0.847 0.961 0.567 0.713 0.713 0.567 0.961 0.785 0.785 1.000 1.000 1.000 1.000 1.000 1.000 1.000 1.000 1.000 1.000 1.000 1.000 1.000 1.000
inputOffest 9 0.000 0.000 0.000
inputJitter 9 0.000
inputLFO 9 0 1.000 0 0 1.000 0 0 1.000 0 0 1.000 0
9 0.000 0.000 0 1 -3.700 3.508 0.000 1 1 1 0 0 0 0 0.000 -0.700 360 0 0.000 0 1 5.600 -9.100 0 17.440 17.440 11.676 11.676 5.971 5.971 1.448 20.418 12.183 12.183 20.418 1.448 8.694 8.694 0.616 0.616 0.723 0.723 0.847 0.847 0.961 0.567 0.713 0.713 0.567 0.961 0.785 0.785 1.000 1.000 1.000 1.000 1.000 1.000 1.000 1.000 1.000 1.000 1.000 1.000 1.000 1.000
inputOffest 10 0.000 0.000 0.000
inputJitter 10 0.000
inputLFO 10 0 1.000 0 0 1.000 0 0 1.000 0 0 1.000 0
10 0.000 0.000 0 1 -2.000 5.500 0.000 1 1 1 0 0 0 0 0.000 -0.700 360 0 0.000 0 1 5.800 -5.600 0 17.440 17.440 11.676 11.676 5.971 5.971 1.448 20.418 12.183 12.183 20.418 1.448 8.694 8.694 0.616 0.616 0.723 0.723 0.847 0.847 0.961 0.567 0.713 0.713 0.567 0.961 0.785 0.785 1.000 1.000 1.000 1.000 1.000 1.000 1.000 1.000 1.000 1.000 1.000 1.000 1.000 1.000
inputOffest 11 0.000 0.000 0.000
inputJitter 11 0.000
inputLFO 11 0 1.000 0 0 1.000 0 0 1.000 0 0 1.000 0
11 0.000 0.000 0 1 -1.200 5.800 0.000 1 1 1 0 0 0 0 0.000 -0.700 360 0 0.000 0 1 7.700 -5.900 0 17.440 17.440 11.676 11.676 5.971 5.971 1.448 20.418 12.183 12.183 20.418 1.448 8.694 8.694 0.616 0.616 0.723 0.723 0.847 0.847 0.961 0.567 0.713 0.713 0.567 0.961 0.785 0.785 1.000 1.000 1.000 1.000 1.000 1.000 1.000 1.000 1.000 1.000 1.000 1.000 1.000 1.000
inputOffest 12 0.000 0.000 0.000
inputJitter 12 0.000
inputLFO 12 0 1.000 0 0 1.000 0 0 1.000 0 0 1.000 0
12 0.000 0.000 0 1 -0.500 6.000 0.000 1 1 1 0 0 0 0 0.000 -0.700 360 0 0.000 0 1 7.300 -8.200 0 17.440 17.440 11.676 11.676 5.971 5.971 1.448 20.418 12.183 12.183 20.418 1.448 8.694 8.694 0.616 0.616 0.723 0.723 0.847 0.847 0.961 0.567 0.713 0.713 0.567 0.961 0.785 0.785 1.000 1.000 1.000 1.000 1.000 1.000 1.000 1.000 1.000 1.000 1.000 1.000 1.000 1.000
inputOffest 13 0.000 0.000 0.000
inputJitter 13 0.000
inputLFO 13 0 1.000 0 0 1.000 0 0 1.000 0 0 1.000 0
13 0.000 0.000 0 1 0.600 6.200 0.000 1 1 1 0 0 0 0 0.000 -0.700 360 0 0.000 0 1 8.300 -8.500 0 17.440 17.440 11.676 11.676 5.971 5.971 1.448 20.418 12.183 12.183 20.418 1.448 8.694 8.694 0.616 0.616 0.723 0.723 0.847 0.847 0.961 0.567 0.713 0.713 0.567 0.961 0.785 0.785 1.000 1.000 1.000 1.000 1.000 1.000 1.000 1.000 1.000 1.000 1.000 1.000 1.000 1.000
inputOffest 14 0.000 0.000 0.000
inputJitter 14 0.000
inputLFO 14 0 1.000 0 0 1.000 0 0 1.000 0 0 1.000 0
14 0.000 0.000 0 1 1.700 6.200 0.000 1 1 1 0 0 0 0 0.000 -0.700 360 0 0.000 0 0 1.500 0.000 0 17.440 17.440 11.676 11.676 5.971 5.971 1.448 20.418 12.183 12.183 20.418 1.448 8.694 8.694 0.616 0.616 0.723 0.723 0.847 0.847 0.961 0.567 0.713 0.713 0.567 0.961 0.785 0.785 1.000 1.000 1.000 1.000 1.000 1.000 1.000 1.000 1.000 1.000 1.000 1.000 1.000 1.000
inputOffest 15 0.000 0.000 0.000
inputJitter 15 0.000
inputLFO 15 0 1.000 0 0 1.000 0 0 1.000 0 0 1.000 0
15 0.000 0.000 0 1 2.200 4.000 0.000 1 1 1 0 0 0 0 0.000 -0.700 360 0 0.000 0 0 1.500 0.000 0 17.440 17.440 11.676 11.676 5.971 5.971 1.448 20.418 12.183 12.183 20.418 1.448 8.694 8.694 0.616 0.616 0.723 0.723 0.847 0.847 0.961 0.567 0.713 0.713 0.567 0.961 0.785 0.785 1.000 1.000 1.000 1.000 1.000 1.000 1.000 1.000 1.000 1.000 1.000 1.000 1.000 1.000
inputOffest 16 0.000 0.000 0.000
inputJitter 16 0.000
inputLFO 16 0 1.000 0 0 1.000 0 0 1.000 0 0 1.000 0
16 0.000 0.000 0 8 3.455 4.182 0.000 1 1 1 0 0 0 0 0.000 -0.700 360 0 0.000 0 1 6.283 -3.615 0 17.440 17.440 11.676 11.676 5.971 5.971 1.448 20.418 12.183 12.183 20.418 1.448 8.694 8.694 0.616 0.616 0.723 0.723 0.847 0.847 0.961 0.567 0.713 0.713 0.567 0.961 0.785 0.785 1.000 1.000 1.000 1.000 1.000 1.000 1.000 1.000 1.000 1.000 1.000 1.000 1.000 1.000
inputOffest 17 0.000 0.000 0.000
inputJitter 17 0.000
inputLFO 17 0 1.000 0 0 1.000 0 0 1.000 0 0 1.000 0
17 0.000 0.000 0 8 3.455 4.182 0.000 1 1 1 0 0 0 0 0.000 -0.700 360 0 0.000 0 1 6.283 -3.615 0 17.440 17.440 11.676 11.676 5.971 5.971 1.448 20.418 12.183 12.183 20.418 1.448 8.694 8.694 0.616 0.616 0.723 0.723 0.847 0.847 0.961 0.567 0.713 0.713 0.567 0.961 0.785 0.785 1.000 1.000 1.000 1.000 1.000 1.000 1.000 1.000 1.000 1.000 1.000 1.000 1.000 1.000
inputOffest 18 0.000 0.000 0.000
inputJitter 18 0.000
inputLFO 18 0 1.000 0 0 1.000 0 0 1.000 0 0 1.000 0
18 0.000 0.000 0 1 3.800 2.000 0.000 1 1 1 0 0 0 0 0.000 -0.700 360 0 0.000 0 1 5.000 -7.100 0 17.440 17.440 11.676 11.676 5.971 5.971 1.448 20.418 12.183 12.183 20.418 1.448 8.694 8.694 0.616 0.616 0.723 0.723 0.847 0.847 0.961 0.567 0.713 0.713 0.567 0.961 0.785 0.785 1.000 1.000 1.000 1.000 1.000 1.000 1.000 1.000 1.000 1.000 1.000 1.000 1.000 1.000
inputOffest 19 0.000 0.000 0.000
inputJitter 19 0.000
inputLFO 19 0 1.000 0 0 1.000 0 0 1.000 0 0 1.000 0
19 0.000 0.000 0 1 -4.000 7.500 0.000 1 1 1 0 0 0 0 0.000 -0.700 360 0 0.000 0 0 1.500 0.000 0 17.440 17.440 11.676 11.676 5.971 5.971 1.448 20.418 12.183 12.183 20.418 1.448 8.694 8.694 0.616 0.616 0.723 0.723 0.847 0.847 0.961 0.567 0.713 0.713 0.567 0.961 0.785 0.785 1.000 1.000 1.000 1.000 1.000 1.000 1.000 1.000 1.000 1.000 1.000 1.000 1.000 1.000
inputOffest 20 0.000 0.000 0.000
inputJitter 20 0.000
inputLFO 20 0 1.000 0 0 1.000 0 0 1.000 0 0 1.000 0
20 0.000 0.000 0 1 -3.800 7.000 0.000 1 1 1 0 0 0 0 0.000 -0.700 360 0 0.000 0 0 1.500 0.000 0 17.440 17.440 11.676 11.676 5.971 5.971 1.448 20.418 12.183 12.183 20.418 1.448 8.694 8.694 0.616 0.616 0.723 0.723 0.847 0.847 0.961 0.567 0.713 0.713 0.567 0.961 0.785 0.785 1.000 1.000 1.000 1.000 1.000 1.000 1.000 1.000 1.000 1.000 1.000 1.000 1.000 1.000
inputOffest 21 0.000 0.000 0.000
inputJitter 21 0.000
inputLFO 21 0 1.000 0 0 1.000 0 0 1.000 0 0 1.000 0
21 0.000 0.000 0 1 -2.000 8.700 0.000 1 1 1 0 0 0 0 0.000 -0.700 360 0 0.000 0 0 1.500 0.000 0 17.440 17.440 11.676 11.676 5.971 5.971 1.448 20.418 12.183 12.183 20.418 1.448 8.694 8.694 0.616 0.616 0.723 0.723 0.847 0.847 0.961 0.567 0.713 0.713 0.567 0.961 0.785 0.785 1.000 1.000 1.000 1.000 1.000 1.000 1.000 1.000 1.000 1.000 1.000 1.000 1.000 1.000
inputOffest 22 0.000 0.000 0.000
inputJitter 22 0.000
inputLFO 22 0 1.000 0 0 1.000 0 0 1.000 0 0 1.000 0
22 0.000 0.000 0 1 0.000 9.300 0.000 1 1 1 0 0 0 0 0.000 -0.700 360 0 0.000 0 0 1.500 0.000 0 17.440 17.440 11.676 11.676 5.971 5.971 1.448 20.418 12.183 12.183 20.418 1.448 8.694 8.694 0.616 0.616 0.723 0.723 0.847 0.847 0.961 0.567 0.713 0.713 0.567 0.961 0.785 0.785 1.000 1.000 1.000 1.000 1.000 1.000 1.000 1.000 1.000 1.000 1.000 1.000 1.000 1.000
inputOffest 23 0.000 0.000 0.000
inputJitter 23 0.000
inputLFO 23 0 1.000 0 0 1.000 0 0 1.000 0 0 1.000 0
23 0.000 0.000 0 1 2.000 9.300 0.000 1 1 1 0 0 0 0 0.000 -0.700 360 0 0.000 0 0 1.500 0.000 0 17.440 17.440 11.676 11.676 5.971 5.971 1.448 20.418 12.183 12.183 20.418 1.448 8.694 8.694 0.616 0.616 0.723 0.723 0.847 0.847 0.961 0.567 0.713 0.713 0.567 0.961 0.785 0.785 1.000 1.000 1.000 1.000 1.000 1.000 1.000 1.000 1.000 1.000 1.000 1.000 1.000 1.000
inputOffest 24 0.000 0.000 0.000
inputJitter 24 0.000
inputLFO 24 0 1.000 0 0 1.000 0 0 1.000 0 0 1.000 0
24 0.000 0.000 0 8 3.455 4.182 0.000 1 1 1 0 0 0 0 0.000 -0.700 360 0 0.000 0 1 6.283 -3.615 0 17.440 17.440 11.676 11.676 5.971 5.971 1.448 20.418 12.183 12.183 20.418 1.448 8.694 8.694 0.616 0.616 0.723 0.723 0.847 0.847 0.961 0.567 0.713 0.713 0.567 0.961 0.785 0.785 1.000 1.000 1.000 1.000 1.000 1.000 1.000 1.000 1.000 1.000 1.000 1.000 1.000 1.000
inputOffest 25 0.000 0.000 0.000
inputJitter 25 0.000
inputLFO 25 0 1.000 0 0 1.000 0 0 1.000 0 0 1.000 0
25 0.000 0.000 0 10 4.170 4.737 0.000 1 1 1 0 0 0 0 0.000 -0.700 360 0 0.000 0 0 1.500 0.000 0 17.440 17.440 11.676 11.676 5.971 5.971 1.448 20.418 12.183 12.183 20.418 1.448 8.694 8.694 0.616 0.616 0.723 0.723 0.847 0.847 0.961 0.567 0.713 0.713 0.567 0.961 0.785 0.785 1.000 1.000 1.000 1.000 1.000 1.000 1.000 1.000 1.000 1.000 1.000 1.000 1.000 1.000
inputOffest 26 0.000 0.000 0.000
inputJitter 26 0.000
inputLFO 26 0 1.000 0 0 1.000 0 0 1.000 0 0 1.000 0
26 0.000 0.000 0 9 -0.794 0.535 0.000 1 1 1 0 0 0 0 0.000 -0.700 360 0 0.000 0 1 3.209 -4.009 0 17.440 17.440 11.676 11.676 5.971 5.971 1.448 20.418 12.183 12.183 20.418 1.448 8.694 8.694 0.616 0.616 0.723 0.723 0.847 0.847 0.961 0.567 0.713 0.713 0.567 0.961 0.785 0.785 1.000 1.000 1.000 1.000 1.000 1.000 1.000 1.000 1.000 1.000 1.000 1.000 1.000 1.000
inputOffest 27 0.000 0.000 0.000
inputJitter 27 0.000
inputLFO 27 0 1.000 0 0 1.000 0 0 1.000 0 0 1.000 0
27 0.000 0.000 0 9 -0.794 0.535 0.000 1 1 1 0 0 0 0 0.000 -0.700 360 0 0.000 0 1 3.209 -4.009 0 17.440 17.440 11.676 11.676 5.971 5.971 1.448 20.418 12.183 12.183 20.418 1.448 8.694 8.694 0.616 0.616 0.723 0.723 0.847 0.847 0.961 0.567 0.713 0.713 0.567 0.961 0.785 0.785 1.000 1.000 1.000 1.000 1.000 1.000 1.000 1.000 1.000 1.000 1.000 1.000 1.000 1.000
inputOffest 28 0.000 0.000 0.000
inputJitter 28 0.000
inputLFO 28 0 1.000 0 0 1.000 0 0 1.000 0 0 1.000 0
28 0.000 0.000 0 11 3.981 1.021 0.000 1 1 1 0 0 0 0 0.000 -0.700 360 0 0.000 0 1 4.000 -5.000 0 17.440 17.440 11.676 11.676 5.971 5.971 1.448 20.418 12.183 12.183 20.418 1.448 8.694 8.694 0.616 0.616 0.723 0.723 0.847 0.847 0.961 0.567 0.713 0.713 0.567 0.961 0.785 0.785 1.000 1.000 1.000 1.000 1.000 1.000 1.000 1.000 1.000 1.000 1.000 1.000 1.000 1.000
inputOffest 29 0.000 0.000 0.000
inputJitter 29 0.000
inputLFO 29 0 1.000 0 0 1.000 0 0 1.000 0 0 1.000 0
29 0.000 0.000 0 11 3.981 1.021 0.000 1 1 1 0 0 0 0 0.000 -0.700 360 0 0.000 0 1 4.000 -5.000 0 17.440 17.440 11.676 11.676 5.971 5.971 1.448 20.418 12.183 12.183 20.418 1.448 8.694 8.694 0.616 0.616 0.723 0.723 0.847 0.847 0.961 0.567 0.713 0.713 0.567 0.961 0.785 0.785 1.000 1.000 1.000 1.000 1.000 1.000 1.000 1.000 1.000 1.000 1.000 1.000 1.000 1.000
inputOffest 30 0.000 0.000 0.000
inputJitter 30 0.000
inputLFO 30 0 1.000 0 0 1.000 0 0 1.000 0 0 1.000 0
30 0.000 0.000 0 1 0.000 10.000 0.000 1 1 1 0 0 0 0 0.000 -0.200 360 0 0.000 0 0 1.500 0.000 0 17.440 17.440 11.676 11.676 5.971 5.971 1.448 20.418 12.183 12.183 20.418 1.448 8.694 8.694 0.616 0.616 0.723 0.723 0.847 0.847 0.961 0.567 0.713 0.713 0.567 0.961 0.785 0.785 1.000 1.000 1.000 1.000 1.000 1.000 1.000 1.000 1.000 1.000 1.000 1.000 1.000 1.000
inputOffest 31 0.000 0.000 0.000
inputJitter 31 0.000
inputLFO 31 0 1.000 0 0 1.000 0 0 1.000 0 0 1.000 0
31 0.000 0.000 0 1 0.000 10.000 0.000 1 1 1 0 0 0 0 0.000 -0.200 360 0 0.000 0 0 1.500 0.000 0 17.440 17.440 11.676 11.676 5.971 5.971 1.448 20.418 12.183 12.183 20.418 1.448 8.694 8.694 0.616 0.616 0.723 0.723 0.847 0.847 0.961 0.567 0.713 0.713 0.567 0.961 0.785 0.785 1.000 1.000 1.000 1.000 1.000 1.000 1.000 1.000 1.000 1.000 1.000 1.000 1.000 1.000
inputOffest 32 0.000 0.000 0.000
inputJitter 32 0.000
inputLFO 32 0 1.000 0 0 1.000 0 0 1.000 0 0 1.000 0
32 0.000 0.000 0 1 0.000 10.000 0.000 1 1 1 0 0 0 0 0.000 -0.300 360 0 0.000 0 0 1.500 0.000 0 17.440 17.440 11.676 11.676 5.971 5.971 1.448 20.418 12.183 12.183 20.418 1.448 8.694 8.694 0.616 0.616 0.723 0.723 0.847 0.847 0.961 0.567 0.713 0.713 0.567 0.961 0.785 0.785 1.000 1.000 1.000 1.000 1.000 1.000 1.000 1.000 1.000 1.000 1.000 1.000 1.000 1.000
inputOffest 33 0.000 0.000 0.000
inputJitter 33 0.000
inputLFO 33 0 1.000 0 0 1.000 0 0 1.000 0 0 1.000 0
33 0.000 0.000 0 1 0.000 10.000 0.000 1 1 1 0 0 0 0 0.000 0.000 360 0 -0.300 0 0 1.500 0.000 0 17.440 17.440 11.676 11.676 5.971 5.971 1.448 20.418 12.183 12.183 20.418 1.448 8.694 8.694 0.616 0.616 0.723 0.723 0.847 0.847 0.961 0.567 0.713 0.713 0.567 0.961 0.785 0.785 1.000 1.000 1.000 1.000 1.000 1.000 1.000 1.000 1.000 1.000 1.000 1.000 1.000 1.000
inputOffest 34 0.000 0.000 0.000
inputJitter 34 0.000
inputLFO 34 0 1.000 0 0 1.000 0 0 1.000 0 0 1.000 0
34 0.000 0.000 0 1 0.000 4.800 0.000 1 1 1 0 0 0 0 0.000 -0.560 360 0 0.000 0 0 1.500 0.000 0 17.440 17.440 11.676 11.676 5.971 5.971 1.448 20.418 12.183 12.183 20.418 1.448 8.694 8.694 0.616 0.616 0.723 0.723 0.847 0.847 0.961 0.567 0.713 0.713 0.567 0.961 0.785 0.785 1.000 1.000 1.000 1.000 1.000 1.000 1.000 1.000 1.000 1.000 1.000 1.000 1.000 1.000
inputOffest 35 0.000 0.000 0.000
inputJitter 35 0.000
inputLFO 35 0 1.000 0 0 1.000 0 0 1.000 0 0 1.000 0
35 0.000 0.000 0 1 -7.000 0.000 0.000 1 1 1 0 0 0 0 0.000 -1.200 360 0 0.000 0 0 1.500 0.000 0 17.440 17.440 11.676 11.676 5.971 5.971 1.448 20.418 12.183 12.183 20.418 1.448 8.694 8.694 0.616 0.616 0.723 0.723 0.847 0.847 0.961 0.567 0.713 0.713 0.567 0.961 0.785 0.785 1.000 1.000 1.000 1.000 1.000 1.000 1.000 1.000 1.000 1.000 1.000 1.000 1.000 1.000
inputOffest 36 0.000 0.000 0.000
inputJitter 36 0.000
inputLFO 36 0 1.000 0 0 1.000 0 0 1.000 0 0 1.000 0
36 0.000 0.000 0 1 -7.000 0.000 0.000 1 1 1 1 0 0 0 0.000 -1.200 360 0 0.000 0 0 1.500 0.000 0 17.440 17.440 11.676 11.676 5.971 5.971 1.448 20.418 12.183 12.183 20.418 1.448 8.694 8.694 0.616 0.616 0.723 0.723 0.847 0.847 0.961 0.567 0.713 0.713 0.567 0.961 0.785 0.785 1.000 1.000 1.000 1.000 1.000 1.000 1.000 1.000 1.000 1.000 1.000 1.000 1.000 1.000
