param 24
inputNames 1 Vionlon_1a
inputNames 2 Vionlon_1b
inputNames 3 Alto
inputNames 4 Cello_1
inputNames 5 Cello_2
inputNames 6 Violon_2
inputNames 7 CBasse_clas.
inputNames 8 CBasse_Jazz
inputNames 9 Piano
inputNames 10 Accordeon
inputNames 11 Cor
inputNames 12 Sax
inputNames 13 trompette
inputNames 14 Clarinette
inputNames 15 Clavier
inputNames 16 Guitare_1
inputNames 17 Mandoline
inputNames 18 Guitare_2
inputNames 19 Batterie_OH
inputNames 20 Batterie_GC
inputNames 21 Vibra
inputNames 22 Xylo
inputNames 23 Timbales
inputNames 24 Harmonica
inputNames 25 HF_main
inputNames 26 Soprano
inputNames 27 Baryton
inputNames 28 HF_Jean
inputNames 29 HF_Rocco
inputNames 30 Room_1
inputNames 31 Room_2
inputNames 32 Hall_1
inputNames 33 Hall_2
inputNames 34 Plate
inputNames 35 Bright_L
inputNames 36 Bright_R
inputOffset 1 0.000 0.000 0.000
inputJitter 1 0.000
inputLFO 1 0 1.000 0 0 1.000 0 0 1.000 0 0 1.000 0
1 0.000 0.000 0 2 -2.320 1.310 0.000 1 1 1 0 0 0 0 0.000 -0.700 360 0 0.000 0 1 5.600 0.000 0 11.879 24.663 7.153 19.042 5.324 13.567 8.523 18.006 14.541 19.162 28.131 8.523 14.043 14.317 0.585 0.503 0.532 0.589 0.514 0.604 0.547 0.606 0.667 0.587 0.457 0.789 0.610 0.613 0.868 0.745 0.918 0.797 0.938 0.851 0.903 0.867 0.891 0.859 0.800 1.000 0.946 0.945 1 1 1 1 1 1 1 1 1 1 1 1 1 1
inputOffset 2 0.000 0.000 0.000
inputJitter 2 0.000
inputLFO 2 0 1.000 0 0 1.000 0 0 1.000 0 0 1.000 0
2 0.000 0.000 0 3 -4.020 1.520 0.000 1 1 1 0 0 0 0 0.000 -0.700 360 0 0.000 0 1 5.700 -6.900 0 8.193 29.607 5.851 23.956 8.275 18.393 13.032 16.171 16.213 23.080 32.726 13.032 17.330 17.715 0.534 0.439 0.509 0.513 0.534 0.599 0.589 0.638 0.637 0.526 0.402 0.696 0.617 0.611 0.907 0.703 0.933 0.752 0.906 0.803 0.856 0.879 0.879 0.832 0.771 1.000 0.933 0.932 1 1 1 1 1 1 1 1 1 1 1 1 1 1
inputOffset 3 0.000 0.000 0.000
inputJitter 3 0.000
inputLFO 3 0 1.000 0 0 1.000 0 0 1.000 0 0 1.000 0
3 0.000 0.000 0 4 -2.000 4.000 0.000 1 1 1 0 0 0 0 0.000 -0.700 360 0 0.000 0 1 6.500 -5.600 0 17.440 26.587 14.264 21.724 13.034 17.440 14.264 25.133 22.303 25.133 32.162 14.264 21.009 21.169 0.587 0.477 0.575 0.546 0.571 0.587 0.575 0.497 0.538 0.497 0.409 0.672 0.557 0.555 0.812 0.728 0.844 0.772 0.856 0.812 0.844 0.819 0.838 0.819 0.774 1.000 0.920 0.919 1 1 1 1 1 1 1 1 1 1 1 1 1 1
inputOffset 4 0.000 0.000 0.000
inputJitter 4 0.000
inputLFO 4 0 1.000 0 0 1.000 0 0 1.000 0 0 1.000 0
4 0.000 0.000 0 5 -0.500 4.000 0.000 1 1 1 0 0 0 0 0.000 -0.700 360 0 0.000 0 0 1.500 0.000 0 20.584 22.899 16.513 18.434 13.740 14.911 13.115 27.409 22.723 23.450 29.188 13.115 20.309 20.350 0.564 0.529 0.632 0.599 0.682 0.660 0.694 0.466 0.531 0.521 0.444 0.694 0.568 0.568 0.782 0.761 0.821 0.803 0.849 0.837 0.855 0.804 0.835 0.830 0.793 1.000 0.922 0.922 1 1 1 1 1 1 1 1 1 1 1 1 1 1
inputOffset 5 0.000 0.000 0.000
inputJitter 5 0.000
inputLFO 5 0 1.000 0 0 1.000 0 0 1.000 0 0 1.000 0
5 0.000 0.000 0 6 0.500 4.000 0.000 1 1 1 0 0 0 0 0.000 -0.700 360 0 0.000 0 0 1.500 0.000 0 22.899 20.584 18.434 16.513 14.911 13.740 13.115 29.188 23.450 22.723 27.409 13.115 20.350 20.309 0.529 0.564 0.599 0.632 0.660 0.682 0.694 0.444 0.521 0.531 0.466 0.694 0.568 0.568 0.761 0.782 0.803 0.821 0.837 0.849 0.855 0.793 0.830 0.835 0.804 1.000 0.922 0.922 1 1 1 1 1 1 1 1 1 1 1 1 1 1
inputOffset 6 0.000 0.000 0.000
inputJitter 6 0.000
inputLFO 6 0 1.000 0 0 1.000 0 0 1.000 0 0 1.000 0
6 0.000 0.000 0 7 2.000 2.000 0.000 1 1 1 0 0 0 0 0.000 -0.700 360 0 0.000 0 1 6.000 -6.000 0 24.278 13.663 18.828 9.273 13.663 7.241 9.273 28.453 20.170 16.510 20.170 9.273 15.708 15.493 0.509 0.590 0.592 0.560 0.590 0.546 0.560 0.453 0.571 0.632 0.571 0.773 0.604 0.603 0.749 0.850 0.799 0.895 0.850 0.917 0.895 0.798 0.852 0.877 0.852 1.000 0.939 0.940 1 1 1 1 1 1 1 1 1 1 1 1 1 1
inputOffset 7 0.000 0.000 0.000
inputJitter 7 0.000
inputLFO 7 0 1.000 0 0 1.000 0 0 1.000 0 0 1.000 0
7 0.000 0.000 0 1 -2.300 4.000 0.000 1 1 1 0 0 0 0 0.000 -0.700 360 0 0.000 0 0 1.500 0.000 0 16.875 27.348 13.934 22.425 13.063 18.029 14.638 24.745 22.320 25.546 32.794 14.638 21.254 21.434 0.625 0.467 0.679 0.536 0.695 0.606 0.665 0.502 0.537 0.491 0.402 0.665 0.554 0.551 0.818 0.722 0.847 0.765 0.856 0.807 0.840 0.821 0.837 0.816 0.771 1.000 0.919 0.918 1 1 1 1 1 1 1 1 1 1 1 1 1 1
inputOffset 8 0.000 0.000 0.000
inputJitter 8 0.000
inputLFO 8 0 1.000 0 0 1.000 0 0 1.000 0 0 1.000 0
8 0.000 0.000 0 1 -2.300 4.000 0.000 1 1 1 0 0 0 0 0.000 -0.700 360 0 0.000 0 0 1.500 0.000 0 16.875 27.348 13.934 22.425 13.063 18.029 14.638 24.745 22.320 25.546 32.794 14.638 21.254 21.434 0.625 0.467 0.679 0.536 0.695 0.606 0.665 0.502 0.537 0.491 0.402 0.665 0.554 0.551 0.818 0.722 0.847 0.765 0.856 0.807 0.840 0.821 0.837 0.816 0.771 1.000 0.919 0.918 1 1 1 1 1 1 1 1 1 1 1 1 1 1
inputOffset 9 0.000 0.000 0.000
inputJitter 9 0.000
inputLFO 9 0 1.000 0 0 1.000 0 0 1.000 0 0 1.000 0
9 0.000 0.000 0 1 -3.700 3.508 0.000 1 1 1 0 0 0 0 0.000 -0.700 360 0 0.000 0 1 5.600 -9.100 0 13.385 30.401 11.642 25.144 12.611 20.183 15.800 21.915 21.451 26.618 35.005 15.800 21.543 21.829 0.574 0.429 0.538 0.497 0.558 0.570 0.627 0.543 0.551 0.477 0.378 0.644 0.549 0.545 0.852 0.696 0.870 0.741 0.860 0.786 0.828 0.840 0.843 0.809 0.757 1.000 0.918 0.917 1 1 1 1 1 1 1 1 1 1 1 1 1 1
inputOffset 10 0.000 0.000 0.000
inputJitter 10 0.000
inputLFO 10 0 1.000 0 0 1.000 0 0 1.000 0 0 1.000 0
10 0.000 0.000 0 1 -2.000 5.500 0.000 1 1 1 0 0 0 0 0.000 -0.700 360 0 0.000 0 1 5.800 -5.600 0 20.887 28.966 18.319 24.578 17.379 20.887 18.319 29.058 26.648 29.058 35.314 18.319 25.228 25.361 0.559 0.447 0.601 0.505 0.617 0.559 0.601 0.446 0.476 0.446 0.374 0.601 0.496 0.494 0.780 0.708 0.804 0.746 0.813 0.780 0.804 0.794 0.809 0.794 0.755 1.000 0.905 0.904 1 1 1 1 1 1 1 1 1 1 1 1 1 1
inputOffset 11 0.000 0.000 0.000
inputJitter 11 0.000
inputLFO 11 0 1.000 0 0 1.000 0 0 1.000 0 0 1.000 0
11 0.000 0.000 0 1 -1.200 5.800 0.000 1 1 1 0 0 0 0 0.000 -0.700 360 0 0.000 0 1 7.700 -5.900 0 22.941 27.712 19.969 23.661 18.395 20.467 18.576 30.830 27.615 29.036 34.527 18.576 25.688 25.766 0.528 0.463 0.534 0.518 0.532 0.535 0.532 0.424 0.464 0.446 0.383 0.596 0.489 0.488 0.761 0.719 0.788 0.754 0.803 0.783 0.801 0.783 0.803 0.794 0.760 1.000 0.903 0.903 1 1 1 1 1 1 1 1 1 1 1 1 1 1
inputOffset 12 0.000 0.000 0.000
inputJitter 12 0.000
inputLFO 12 0 1.000 0 0 1.000 0 0 1.000 0 0 1.000 0
12 0.000 0.000 0 1 -0.500 6.000 0.000 1 1 1 0 0 0 0 0.000 -0.700 360 0 0.000 0 1 7.300 -8.200 0 24.663 26.626 21.384 22.899 19.322 20.172 18.883 32.299 28.431 29.015 33.822 18.883 26.095 26.127 0.503 0.477 0.552 0.529 0.538 0.546 0.535 0.407 0.453 0.446 0.390 0.591 0.484 0.483 0.745 0.728 0.775 0.761 0.794 0.786 0.798 0.774 0.798 0.794 0.764 1.000 0.901 0.901 1 1 1 1 1 1 1 1 1 1 1 1 1 1
inputOffset 13 0.000 0.000 0.000
inputJitter 13 0.000
inputLFO 13 0 1.000 0 0 1.000 0 0 1.000 0 0 1.000 0
13 0.000 0.000 0 1 0.600 6.200 0.000 1 1 1 0 0 0 0 0.000 -0.700 360 0 0.000 0 1 8.300 -8.500 0 27.241 24.926 23.541 21.763 20.817 19.826 19.485 34.464 29.648 28.961 32.664 19.485 26.725 26.688 0.469 0.500 0.509 0.497 0.491 0.485 0.483 0.383 0.438 0.447 0.403 0.582 0.475 0.476 0.723 0.743 0.755 0.771 0.780 0.789 0.793 0.760 0.790 0.794 0.771 1.000 0.899 0.899 1 1 1 1 1 1 1 1 1 1 1 1 1 1
inputOffset 14 0.000 0.000 0.000
inputJitter 14 0.000
inputLFO 14 0 1.000 0 0 1.000 0 0 1.000 0 0 1.000 0
14 0.000 0.000 0 1 1.700 6.200 0.000 1 1 1 0 0 0 0 0.000 -0.700 360 0 0.000 0 0 1.500 0.000 0 29.565 23.060 25.480 20.519 22.170 19.426 20.022 36.328 30.613 28.689 31.264 20.022 27.154 27.048 0.439 0.526 0.492 0.565 0.540 0.582 0.573 0.364 0.427 0.450 0.419 0.573 0.470 0.471 0.703 0.760 0.738 0.783 0.768 0.793 0.788 0.749 0.784 0.796 0.780 1.000 0.898 0.898 1 1 1 1 1 1 1 1 1 1 1 1 1 1
inputOffset 15 0.000 0.000 0.000
inputJitter 15 0.000
inputLFO 15 0 1.000 0 0 1.000 0 0 1.000 0 0 1.000 0
15 0.000 0.000 0 1 2.200 4.000 0.000 1 1 1 0 0 0 0 0.000 -0.700 360 0 0.000 0 0 1.500 0.000 0 27.093 17.060 22.190 14.039 17.830 13.047 14.509 32.582 25.406 22.311 24.872 14.509 21.342 21.169 0.471 0.622 0.539 0.677 0.609 0.696 0.668 0.404 0.493 0.538 0.501 0.668 0.552 0.555 0.724 0.816 0.768 0.846 0.808 0.856 0.841 0.772 0.817 0.837 0.821 1.000 0.919 0.919 1 1 1 1 1 1 1 1 1 1 1 1 1 1
inputOffset 16 0.000 0.000 0.000
inputJitter 16 0.000
inputLFO 16 0 1.000 0 0 1.000 0 0 1.000 0 0 1.000 0
16 0.000 0.000 0 8 3.455 4.182 0.000 1 1 1 0 0 0 0 0.000 -0.700 360 0 0.000 0 1 6.283 -3.615 0 30.561 15.436 25.499 13.653 20.823 14.201 16.854 35.655 27.765 23.216 23.991 16.854 23.212 22.961 0.427 0.611 0.492 0.616 0.560 0.615 0.607 0.371 0.462 0.524 0.513 0.626 0.524 0.528 0.695 0.832 0.738 0.850 0.780 0.844 0.818 0.753 0.802 0.831 0.826 1.000 0.912 0.913 1 1 1 1 1 1 1 1 1 1 1 1 1 1
inputOffset 17 0.000 0.000 0.000
inputJitter 17 0.000
inputLFO 17 0 1.000 0 0 1.000 0 0 1.000 0 0 1.000 0
17 0.000 0.000 0 8 3.455 4.182 0.000 1 1 1 0 0 0 0 0.000 -0.700 360 0 0.000 0 1 6.283 -3.615 0 30.561 15.436 25.499 13.653 20.823 14.201 16.854 35.655 27.765 23.216 23.991 16.854 23.212 22.961 0.427 0.611 0.492 0.616 0.560 0.615 0.607 0.371 0.462 0.524 0.513 0.626 0.524 0.528 0.695 0.832 0.738 0.850 0.780 0.844 0.818 0.753 0.802 0.831 0.826 1.000 0.912 0.913 1 1 1 1 1 1 1 1 1 1 1 1 1 1
inputOffset 18 0.000 0.000 0.000
inputJitter 18 0.000
inputLFO 18 0 1.000 0 0 1.000 0 0 1.000 0 0 1.000 0
18 0.000 0.000 0 1 3.800 2.000 0.000 1 1 1 0 0 0 0 0.000 -0.700 360 0 0.000 0 1 5.000 -7.100 0 29.295 9.646 23.725 7.265 18.294 8.923 13.175 32.839 23.555 17.314 17.697 13.175 18.367 18.017 0.443 0.582 0.517 0.544 0.601 0.570 0.644 0.401 0.519 0.618 0.611 0.693 0.600 0.606 0.705 0.891 0.754 0.917 0.804 0.899 0.855 0.770 0.829 0.871 0.869 1.000 0.930 0.931 1 1 1 1 1 1 1 1 1 1 1 1 1 1
inputOffset 19 0.000 0.000 0.000
inputJitter 19 0.000
inputLFO 19 0 1.000 0 0 1.000 0 0 1.000 0 0 1.000 0
19 0.000 0.000 0 1 -4.000 7.500 0.000 1 1 1 0 0 0 0 0.000 -0.700 360 0 0.000 0 0 1.500 0.000 0 23.886 37.094 23.172 32.771 23.886 28.966 25.908 32.955 32.955 36.803 43.491 25.908 32.444 32.650 0.514 0.356 0.525 0.402 0.514 0.447 0.486 0.400 0.400 0.359 0.298 0.486 0.405 0.403 0.752 0.643 0.759 0.677 0.752 0.708 0.734 0.770 0.770 0.746 0.708 1.000 0.879 0.878 1 1 1 1 1 1 1 1 1 1 1 1 1 1
inputOffset 20 0.000 0.000 0.000
inputJitter 20 0.000
inputLFO 20 0 1.000 0 0 1.000 0 0 1.000 0 0 1.000 0
20 0.000 0.000 0 1 -3.800 7.000 0.000 1 1 1 0 0 0 0 0.000 -0.700 360 0 0.000 0 0 1.500 0.000 0 22.639 35.745 21.732 31.343 22.341 27.462 24.353 31.641 31.429 35.254 42.028 24.353 30.885 31.090 0.533 0.370 0.546 0.418 0.537 0.466 0.508 0.415 0.417 0.375 0.311 0.508 0.423 0.421 0.763 0.653 0.772 0.688 0.766 0.721 0.748 0.778 0.779 0.756 0.716 1.000 0.884 0.884 1 1 1 1 1 1 1 1 1 1 1 1 1 1
inputOffset 21 0.000 0.000 0.000
inputJitter 21 0.000
inputLFO 21 0 1.000 0 0 1.000 0 0 1.000 0 0 1.000 0
21 0.000 0.000 0 1 -2.000 8.700 0.000 1 1 1 0 0 0 0 0.000 -0.700 360 0 0.000 0 0 1.500 0.000 0 29.058 35.314 27.271 31.815 26.648 29.058 27.271 37.740 35.917 37.740 42.744 27.271 34.334 34.431 0.446 0.374 0.468 0.413 0.476 0.446 0.468 0.350 0.368 0.350 0.304 0.468 0.385 0.384 0.707 0.656 0.722 0.684 0.728 0.707 0.722 0.741 0.752 0.741 0.712 1.000 0.872 0.872 1 1 1 1 1 1 1 1 1 1 1 1 1 1
inputOffset 22 0.000 0.000 0.000
inputJitter 22 0.000
inputLFO 22 0 1.000 0 0 1.000 0 0 1.000 0 0 1.000 0
22 0.000 0.000 0 1 0.000 9.300 0.000 1 1 1 0 0 0 0 0.000 -0.700 360 0 0.000 0 0 1.500 0.000 0 33.284 33.284 30.660 30.660 28.971 28.971 28.386 41.472 38.098 38.098 41.472 28.386 35.629 35.629 0.396 0.396 0.426 0.426 0.447 0.447 0.454 0.315 0.346 0.346 0.315 0.454 0.371 0.371 0.672 0.672 0.694 0.694 0.708 0.708 0.713 0.719 0.739 0.739 0.719 1.000 0.868 0.868 1 1 1 1 1 1 1 1 1 1 1 1 1 1
inputOffset 23 0.000 0.000 0.000
inputJitter 23 0.000
inputLFO 23 0 1.000 0 0 1.000 0 0 1.000 0 0 1.000 0
23 0.000 0.000 0 1 2.000 9.300 0.000 1 1 1 0 0 0 0 0.000 -0.700 360 0 0.000 0 0 1.500 0.000 0 36.643 30.660 33.284 28.971 30.660 28.386 28.971 44.214 39.397 37.655 39.397 28.971 36.143 36.050 0.361 0.426 0.396 0.447 0.426 0.454 0.447 0.292 0.334 0.351 0.334 0.447 0.366 0.367 0.646 0.694 0.672 0.708 0.694 0.713 0.708 0.704 0.731 0.741 0.731 1.000 0.866 0.867 1 1 1 1 1 1 1 1 1 1 1 1 1 1
inputOffset 24 0.000 0.000 0.000
inputJitter 24 0.000
inputLFO 24 0 1.000 0 0 1.000 0 0 1.000 0 0 1.000 0
24 0.000 0.000 0 8 3.455 4.182 0.000 1 1 1 0 0 0 0 0.000 -0.700 360 0 0.000 0 1 6.283 -3.615 0 30.561 15.436 25.499 13.653 20.823 14.201 16.854 35.655 27.765 23.216 23.991 16.854 23.212 22.961 0.427 0.611 0.492 0.616 0.560 0.615 0.607 0.371 0.462 0.524 0.513 0.626 0.524 0.528 0.695 0.832 0.738 0.850 0.780 0.844 0.818 0.753 0.802 0.831 0.826 1.000 0.912 0.913 1 1 1 1 1 1 1 1 1 1 1 1 1 1
inputOffset 25 0.000 0.000 0.000
inputJitter 25 0.000
inputLFO 25 0 1.000 0 0 1.000 0 0 1.000 0 0 1.000 0
25 0.000 0.000 0 10 4.170 4.737 0.000 1 1 1 0 0 0 0 0.000 -0.700 360 0 0.000 0 0 1.500 0.000 0 33.134 16.069 28.109 15.177 23.442 16.420 19.391 38.275 30.276 25.234 25.006 19.391 25.597 25.322 0.398 0.639 0.457 0.656 0.521 0.633 0.583 0.345 0.431 0.496 0.499 0.583 0.491 0.494 0.674 0.826 0.715 0.834 0.756 0.822 0.794 0.738 0.786 0.818 0.820 1.000 0.903 0.904 1 1 1 1 1 1 1 1 1 1 1 1 1 1
inputOffset 26 0.000 0.000 0.000
inputJitter 26 0.000
inputLFO 26 0 1.000 0 0 1.000 0 0 1.000 0 0 1.000 0
26 0.000 0.000 0 9 -0.794 0.535 0.000 1 1 1 0 0 0 0 0.000 -0.700 360 0 0.000 0 1 3.209 -4.009 0 15.375 19.906 9.758 14.206 4.603 8.630 3.778 19.439 12.755 14.696 23.189 3.778 10.435 10.562 0.652 0.575 0.762 0.674 0.697 0.761 0.685 0.582 0.701 0.664 0.525 0.900 0.748 0.745 0.832 0.789 0.890 0.844 0.947 0.902 0.956 0.857 0.904 0.890 0.832 1.000 0.959 0.959 1 1 1 1 1 1 1 1 1 1 1 1 1 1
inputOffset 27 0.000 0.000 0.000
inputJitter 27 0.000
inputLFO 27 0 1.000 0 0 1.000 0 0 1.000 0 0 1.000 0
27 0.000 0.000 0 9 -0.794 0.535 0.000 1 1 1 0 0 0 0 0.000 -0.700 360 0 0.000 0 1 3.209 -4.009 0 15.375 19.906 9.758 14.206 4.603 8.630 3.778 19.439 12.755 14.696 23.189 3.778 10.435 10.562 0.652 0.575 0.762 0.674 0.697 0.761 0.685 0.582 0.701 0.664 0.525 0.900 0.748 0.745 0.832 0.789 0.890 0.844 0.947 0.902 0.956 0.857 0.904 0.890 0.832 1.000 0.959 0.959 1 1 1 1 1 1 1 1 1 1 1 1 1 1
inputOffset 28 0.000 0.000 0.000
inputJitter 28 0.000
inputLFO 28 0 1.000 0 0 1.000 0 0 1.000 0 0 1.000 0
28 0.000 0.000 0 11 3.981 1.021 0.000 1 1 1 0 0 0 0 0.000 -0.700 360 0 0.000 0 1 4.000 -5.000 0 29.244 7.322 23.533 4.406 17.876 7.234 12.344 31.981 22.071 14.830 14.873 12.344 16.595 16.187 0.443 0.660 0.520 0.619 0.608 0.659 0.709 0.411 0.541 0.662 0.661 0.709 0.630 0.637 0.706 0.916 0.755 0.949 0.808 0.917 0.863 0.776 0.839 0.889 0.888 1.000 0.936 0.938 1 1 1 1 1 1 1 1 1 1 1 1 1 1
inputOffset 29 0.000 0.000 0.000
inputJitter 29 0.000
inputLFO 29 0 1.000 0 0 1.000 0 0 1.000 0 0 1.000 0
29 0.000 0.000 0 11 3.981 1.021 0.000 1 1 1 0 0 0 0 0.000 -0.700 360 0 0.000 0 1 4.000 -5.000 0 29.244 7.322 23.533 4.406 17.876 7.234 12.344 31.981 22.071 14.830 14.873 12.344 16.595 16.187 0.443 0.660 0.520 0.619 0.608 0.659 0.709 0.411 0.541 0.662 0.661 0.709 0.630 0.637 0.706 0.916 0.755 0.949 0.808 0.917 0.863 0.776 0.839 0.889 0.888 1.000 0.936 0.938 1 1 1 1 1 1 1 1 1 1 1 1 1 1
inputOffset 30 0.000 0.000 0.000
inputJitter 30 0.000
inputLFO 30 0 1.000 0 0 1.000 0 0 1.000 0 0 1.000 0
30 0.000 0.000 0 1 0.000 10.000 0.000 1 1 1 0 0 0 0 0.000 -0.200 360 0 0.000 0 0 1.500 0.000 0 35.029 35.029 32.546 32.546 30.961 30.961 30.414 43.322 40.103 40.103 43.322 30.414 37.656 37.656 0.757 0.757 0.772 0.772 0.782 0.782 0.785 0.709 0.727 0.727 0.709 0.785 0.741 0.741 0.659 0.659 0.678 0.678 0.691 0.691 0.696 0.709 0.727 0.727 0.709 1.000 0.861 0.861 1 1 1 1 1 1 1 1 1 1 1 1 1 1
inputOffset 31 0.000 0.000 0.000
inputJitter 31 0.000
inputLFO 31 0 1.000 0 0 1.000 0 0 1.000 0 0 1.000 0
31 0.000 0.000 0 1 0.000 10.000 0.000 1 1 1 0 0 0 0 0.000 -0.200 360 0 0.000 0 0 1.500 0.000 0 35.029 35.029 32.546 32.546 30.961 30.961 30.414 43.322 40.103 40.103 43.322 30.414 37.656 37.656 0.757 0.757 0.772 0.772 0.782 0.782 0.785 0.709 0.727 0.727 0.709 0.785 0.741 0.741 0.659 0.659 0.678 0.678 0.691 0.691 0.696 0.709 0.727 0.727 0.709 1.000 0.861 0.861 1 1 1 1 1 1 1 1 1 1 1 1 1 1
inputOffset 32 0.000 0.000 0.000
inputJitter 32 0.000
inputLFO 32 0 1.000 0 0 1.000 0 0 1.000 0 0 1.000 0
32 0.000 0.000 0 1 0.000 10.000 0.000 1 1 1 0 0 0 0 0.000 -0.300 360 0 0.000 0 0 1.500 0.000 0 35.029 35.029 32.546 32.546 30.961 30.961 30.414 43.322 40.103 40.103 43.322 30.414 37.656 37.656 0.659 0.659 0.678 0.678 0.691 0.691 0.696 0.597 0.620 0.620 0.597 0.696 0.638 0.638 0.659 0.659 0.678 0.678 0.691 0.691 0.696 0.709 0.727 0.727 0.709 1.000 0.861 0.861 1 1 1 1 1 1 1 1 1 1 1 1 1 1
inputOffset 33 0.000 0.000 0.000
inputJitter 33 0.000
inputLFO 33 0 1.000 0 0 1.000 0 0 1.000 0 0 1.000 0
33 0.000 0.000 0 1 0.000 10.000 0.000 1 1 1 0 0 0 0 0.000 0.000 360 0 -0.300 0 0 1.500 0.000 0 35.029 35.029 32.546 32.546 30.961 30.961 30.414 43.322 40.103 40.103 43.322 30.414 37.656 37.656 1.000 1.000 1.000 1.000 1.000 1.000 1.000 1.000 1.000 1.000 1.000 1.000 1.000 1.000 0.659 0.659 0.678 0.678 0.691 0.691 0.696 0.709 0.727 0.727 0.709 1.000 0.861 0.861 1 1 1 1 1 1 1 1 1 1 1 1 1 1
inputOffset 34 0.000 0.000 0.000
inputJitter 34 0.000
inputLFO 34 0 1.000 0 0 1.000 0 0 1.000 0 0 1.000 0
34 0.000 0.000 0 1 0.000 4.800 0.000 1 1 1 0 0 0 0 0.000 -0.560 360 0 0.000 0 0 1.500 0.000 0 23.189 23.189 19.233 19.233 16.408 16.408 15.352 30.137 25.293 25.293 30.137 15.352 22.595 22.595 0.597 0.597 0.652 0.652 0.694 0.694 0.711 0.511 0.570 0.570 0.511 0.711 0.605 0.605 0.758 0.758 0.795 0.795 0.822 0.822 0.833 0.787 0.818 0.818 0.787 1.000 0.914 0.914 1 1 1 1 1 1 1 1 1 1 1 1 1 1
inputOffset 35 0.000 0.000 0.000
inputJitter 35 0.000
inputLFO 35 0 1.000 0 0 1.000 0 0 1.000 0 0 1.000 0
35 0.000 0.000 0 1 -7.000 0.000 0.000 1 1 1 0 0 0 0 0.000 -1.200 360 0 0.000 0 0 1.500 0.000 0 3.238 37.683 8.810 31.895 14.555 26.109 20.328 11.102 18.017 28.186 39.151 20.328 21.794 22.326 0.857 0.090 0.657 0.140 0.499 0.226 0.379 0.589 0.423 0.261 0.155 0.379 0.354 0.345 0.962 0.638 0.900 0.684 0.841 0.732 0.785 0.916 0.867 0.799 0.733 1.000 0.917 0.915 1 1 1 1 1 1 1 1 1 1 1 1 1 1
inputOffset 36 0.000 0.000 0.000
inputJitter 36 0.000
inputLFO 36 0 1.000 0 0 1.000 0 0 1.000 0 0 1.000 0
36 0.000 0.000 0 1 -7.000 0.000 0.000 1 1 1 1 0 0 0 0.000 -1.200 360 0 0.000 0 0 1.500 0.000 0 37.683 3.238 31.895 8.810 26.109 14.555 20.328 39.151 28.186 18.017 11.102 20.328 22.326 21.794 0.090 0.857 0.140 0.657 0.226 0.499 0.379 0.155 0.261 0.423 0.589 0.379 0.345 0.354 0.638 0.962 0.684 0.900 0.732 0.841 0.785 0.733 0.799 0.867 0.916 1.000 0.915 0.917 1 1 1 1 1 1 1 1 1 1 1 1 1 1
