param 8
outputNames 1 FF_1
outputNames 2 FF_7
outputNames 3 FF_2
outputNames 4 FF_6
outputNames 5 FF_3
outputNames 6 FF_5
outputNames 7 FF_4
outputNames 8 Main_1
outputNames 9 Main_2
outputNames 10 Main_3
outputNames 11 Main_4
outputNames 12 Sub
outputNames 13 HdPh_L
outputNames 14 HdPh_R
1 0.000 0.000 -6.000 -0.500 0.000 0.000 -0.300 1
2 0.000 0.000 6.000 -0.500 0.000 0.000 -0.300 1
3 0.000 0.000 -4.000 -0.500 0.000 0.000 -0.300 1
4 0.000 0.000 4.000 -0.500 0.000 0.000 -0.300 1
5 0.000 0.000 -2.000 -0.500 0.000 0.000 -0.300 1
6 0.000 0.000 2.000 -0.500 0.000 0.000 -0.300 1
7 0.000 0.000 0.000 -0.500 0.000 0.000 -0.300 1
8 -18.000 0.000 -6.000 -3.700 9.000 0.000 -0.200 2
9 -18.000 0.000 -2.000 -3.700 9.000 0.000 -0.200 2
10 -18.000 0.000 2.000 -3.700 9.000 0.000 -0.200 2
11 -18.000 0.000 6.000 -3.700 8.000 0.000 -0.200 2
12 0.000 0.000 0.000 -0.500 7.000 0.000 0.000 0
13 0.000 0.000 -0.100 -3.000 0.000 0.000 -0.100 0
14 0.000 0.000 0.100 -3.000 0.000 0.000 -0.100 0
