inputNames 1 input_1
inputNames 2 input_2
inputNames 3 input_3
inputNames 4 input_4
inputNames 5 input_5
inputNames 6 input_6
inputNames 7 input_7
inputNames 8 input_8
inputNames 9 input_9
inputNames 10 input_10
inputNames 11 input_11
inputNames 12 input_12
inputNames 13 input_13
inputNames 14 input_14
inputNames 15 input_15
inputNames 16 input_16
inputNames 17 input_17
inputNames 18 input_18
inputNames 19 input_19
inputNames 20 input_20
inputNames 21 input_21
inputNames 22 input_22
inputNames 23 input_23
inputNames 24 input_24
inputNames 25 input_25
inputNames 26 input_26
inputNames 27 Hall_L
inputNames 28 Hall_R
inputNames 29 Room_L
inputNames 30 Room_R
inputNames 31 Plate
inputNames 32 Delay
inputOffset 1 0.000 0.000 0.000
inputJitter 1 0.000
inputLFO 1 0 1.000 0 0 1.000 0 0 1.000 0 0 1.000 0
1 0.000 0.000 0 1 0.000 0.000 0.000 1 1 1 0 0 0 0 0.000 -0.700 0 0 1.500 0.000 0 17.349 17.349 11.566 11.566 5.783 5.783 0.000 17.349 5.783 5.783 17.349 0.000 14.457 8.679 0.617 0.617 0.724 0.724 0.851 0.851 1.000 0.617 0.851 0.851 0.617 1.000 0.668 0.785 1 1 1 1 1 1 1 1 1 1 1 1 1 1
inputOffset 2 0.000 0.000 0.000
inputJitter 2 0.000
inputLFO 2 0 1.000 0 0 1.000 0 0 1.000 0 0 1.000 0
2 0.000 0.000 0 1 0.000 0.000 0.000 1 1 1 0 0 0 0 0.000 -0.700 0 0 1.500 0.000 0 17.349 17.349 11.566 11.566 5.783 5.783 0.000 17.349 5.783 5.783 17.349 0.000 14.457 8.679 0.617 0.617 0.724 0.724 0.851 0.851 1.000 0.617 0.851 0.851 0.617 1.000 0.668 0.785 1 1 1 1 1 1 1 1 1 1 1 1 1 1
inputOffset 3 0.000 0.000 0.000
inputJitter 3 0.000
inputLFO 3 0 1.000 0 0 1.000 0 0 1.000 0 0 1.000 0
3 0.000 0.000 0 1 0.000 0.000 0.000 1 1 1 0 0 0 0 0.000 -0.700 0 0 1.500 0.000 0 17.349 17.349 11.566 11.566 5.783 5.783 0.000 17.349 5.783 5.783 17.349 0.000 14.457 8.679 0.617 0.617 0.724 0.724 0.851 0.851 1.000 0.617 0.851 0.851 0.617 1.000 0.668 0.785 1 1 1 1 1 1 1 1 1 1 1 1 1 1
inputOffset 4 0.000 0.000 0.000
inputJitter 4 0.000
inputLFO 4 0 1.000 0 0 1.000 0 0 1.000 0 0 1.000 0
4 0.000 0.000 0 1 0.000 0.000 0.000 1 1 1 0 0 0 0 0.000 -0.700 0 0 1.500 0.000 0 17.349 17.349 11.566 11.566 5.783 5.783 0.000 17.349 5.783 5.783 17.349 0.000 14.457 8.679 0.617 0.617 0.724 0.724 0.851 0.851 1.000 0.617 0.851 0.851 0.617 1.000 0.668 0.785 1 1 1 1 1 1 1 1 1 1 1 1 1 1
inputOffset 5 0.000 0.000 0.000
inputJitter 5 0.000
inputLFO 5 0 1.000 0 0 1.000 0 0 1.000 0 0 1.000 0
5 0.000 0.000 0 1 0.000 0.000 0.000 1 1 1 0 0 0 0 0.000 -0.700 0 0 1.500 0.000 0 17.349 17.349 11.566 11.566 5.783 5.783 0.000 17.349 5.783 5.783 17.349 0.000 14.457 8.679 0.617 0.617 0.724 0.724 0.851 0.851 1.000 0.617 0.851 0.851 0.617 1.000 0.668 0.785 1 1 1 1 1 1 1 1 1 1 1 1 1 1
inputOffset 6 0.000 0.000 0.000
inputJitter 6 0.000
inputLFO 6 0 1.000 0 0 1.000 0 0 1.000 0 0 1.000 0
6 0.000 0.000 0 1 0.000 0.000 0.000 1 1 1 0 0 0 0 0.000 -0.700 0 0 1.500 0.000 0 17.349 17.349 11.566 11.566 5.783 5.783 0.000 17.349 5.783 5.783 17.349 0.000 14.457 8.679 0.617 0.617 0.724 0.724 0.851 0.851 1.000 0.617 0.851 0.851 0.617 1.000 0.668 0.785 1 1 1 1 1 1 1 1 1 1 1 1 1 1
inputOffset 7 0.000 0.000 0.000
inputJitter 7 0.000
inputLFO 7 0 1.000 0 0 1.000 0 0 1.000 0 0 1.000 0
7 0.000 0.000 0 1 0.000 0.000 0.000 1 1 1 0 0 0 0 0.000 -0.700 0 0 1.500 0.000 0 17.349 17.349 11.566 11.566 5.783 5.783 0.000 17.349 5.783 5.783 17.349 0.000 14.457 8.679 0.617 0.617 0.724 0.724 0.851 0.851 1.000 0.617 0.851 0.851 0.617 1.000 0.668 0.785 1 1 1 1 1 1 1 1 1 1 1 1 1 1
inputOffset 8 0.000 0.000 0.000
inputJitter 8 0.000
inputLFO 8 0 1.000 0 0 1.000 0 0 1.000 0 0 1.000 0
8 0.000 0.000 0 1 0.000 0.000 0.000 1 1 1 0 0 0 0 0.000 -0.700 0 0 1.500 0.000 0 17.349 17.349 11.566 11.566 5.783 5.783 0.000 17.349 5.783 5.783 17.349 0.000 14.457 8.679 0.617 0.617 0.724 0.724 0.851 0.851 1.000 0.617 0.851 0.851 0.617 1.000 0.668 0.785 1 1 1 1 1 1 1 1 1 1 1 1 1 1
inputOffset 9 0.000 0.000 0.000
inputJitter 9 0.000
inputLFO 9 0 1.000 0 0 1.000 0 0 1.000 0 0 1.000 0
9 0.000 0.000 0 1 0.000 0.000 0.000 1 1 1 0 0 0 0 0.000 -0.700 0 0 1.500 0.000 0 17.349 17.349 11.566 11.566 5.783 5.783 0.000 17.349 5.783 5.783 17.349 0.000 14.457 8.679 0.617 0.617 0.724 0.724 0.851 0.851 1.000 0.617 0.851 0.851 0.617 1.000 0.668 0.785 1 1 1 1 1 1 1 1 1 1 1 1 1 1
inputOffset 10 0.000 0.000 0.000
inputJitter 10 0.000
inputLFO 10 0 1.000 0 0 1.000 0 0 1.000 0 0 1.000 0
10 0.000 0.000 0 1 0.000 0.000 0.000 1 1 1 0 0 0 0 0.000 -0.700 0 0 1.500 0.000 0 17.349 17.349 11.566 11.566 5.783 5.783 0.000 17.349 5.783 5.783 17.349 0.000 14.457 8.679 0.617 0.617 0.724 0.724 0.851 0.851 1.000 0.617 0.851 0.851 0.617 1.000 0.668 0.785 1 1 1 1 1 1 1 1 1 1 1 1 1 1
inputOffset 11 0.000 0.000 0.000
inputJitter 11 0.000
inputLFO 11 0 1.000 0 0 1.000 0 0 1.000 0 0 1.000 0
11 0.000 0.000 0 1 0.000 0.000 0.000 1 1 1 0 0 0 0 0.000 -0.700 0 0 1.500 0.000 0 17.349 17.349 11.566 11.566 5.783 5.783 0.000 17.349 5.783 5.783 17.349 0.000 14.457 8.679 0.617 0.617 0.724 0.724 0.851 0.851 1.000 0.617 0.851 0.851 0.617 1.000 0.668 0.785 1 1 1 1 1 1 1 1 1 1 1 1 1 1
inputOffset 12 0.000 0.000 0.000
inputJitter 12 0.000
inputLFO 12 0 1.000 0 0 1.000 0 0 1.000 0 0 1.000 0
12 0.000 0.000 0 1 0.000 0.000 0.000 1 1 1 0 0 0 0 0.000 -0.700 0 0 1.500 0.000 0 17.349 17.349 11.566 11.566 5.783 5.783 0.000 17.349 5.783 5.783 17.349 0.000 14.457 8.679 0.617 0.617 0.724 0.724 0.851 0.851 1.000 0.617 0.851 0.851 0.617 1.000 0.668 0.785 1 1 1 1 1 1 1 1 1 1 1 1 1 1
inputOffset 13 0.000 0.000 0.000
inputJitter 13 0.000
inputLFO 13 0 1.000 0 0 1.000 0 0 1.000 0 0 1.000 0
13 0.000 0.000 0 1 0.000 0.000 0.000 1 1 1 0 0 0 0 0.000 -0.700 0 0 1.500 0.000 0 17.349 17.349 11.566 11.566 5.783 5.783 0.000 17.349 5.783 5.783 17.349 0.000 14.457 8.679 0.617 0.617 0.724 0.724 0.851 0.851 1.000 0.617 0.851 0.851 0.617 1.000 0.668 0.785 1 1 1 1 1 1 1 1 1 1 1 1 1 1
inputOffset 14 0.000 0.000 0.000
inputJitter 14 0.000
inputLFO 14 0 1.000 0 0 1.000 0 0 1.000 0 0 1.000 0
14 0.000 0.000 0 1 0.000 0.000 0.000 1 1 1 0 0 0 0 0.000 -0.700 0 0 1.500 0.000 0 17.349 17.349 11.566 11.566 5.783 5.783 0.000 17.349 5.783 5.783 17.349 0.000 14.457 8.679 0.617 0.617 0.724 0.724 0.851 0.851 1.000 0.617 0.851 0.851 0.617 1.000 0.668 0.785 1 1 1 1 1 1 1 1 1 1 1 1 1 1
inputOffset 15 0.000 0.000 0.000
inputJitter 15 0.000
inputLFO 15 0 1.000 0 0 1.000 0 0 1.000 0 0 1.000 0
15 0.000 0.000 0 1 0.000 0.000 0.000 1 1 1 0 0 0 0 0.000 -0.700 0 0 1.500 0.000 0 17.349 17.349 11.566 11.566 5.783 5.783 0.000 17.349 5.783 5.783 17.349 0.000 14.457 8.679 0.617 0.617 0.724 0.724 0.851 0.851 1.000 0.617 0.851 0.851 0.617 1.000 0.668 0.785 1 1 1 1 1 1 1 1 1 1 1 1 1 1
inputOffset 16 0.000 0.000 0.000
inputJitter 16 0.000
inputLFO 16 0 1.000 0 0 1.000 0 0 1.000 0 0 1.000 0
16 0.000 0.000 0 1 0.000 0.000 0.000 1 1 1 0 0 0 0 0.000 -0.700 0 0 1.500 0.000 0 17.349 17.349 11.566 11.566 5.783 5.783 0.000 17.349 5.783 5.783 17.349 0.000 14.457 8.679 0.617 0.617 0.724 0.724 0.851 0.851 1.000 0.617 0.851 0.851 0.617 1.000 0.668 0.785 1 1 1 1 1 1 1 1 1 1 1 1 1 1
inputOffset 17 0.000 0.000 0.000
inputJitter 17 0.000
inputLFO 17 0 1.000 0 0 1.000 0 0 1.000 0 0 1.000 0
17 0.000 0.000 0 1 0.000 0.000 0.000 1 1 1 0 0 0 0 0.000 -0.700 0 0 1.500 0.000 0 17.349 17.349 11.566 11.566 5.783 5.783 0.000 17.349 5.783 5.783 17.349 0.000 14.457 8.679 0.617 0.617 0.724 0.724 0.851 0.851 1.000 0.617 0.851 0.851 0.617 1.000 0.668 0.785 1 1 1 1 1 1 1 1 1 1 1 1 1 1
inputOffset 18 0.000 0.000 0.000
inputJitter 18 0.000
inputLFO 18 0 1.000 0 0 1.000 0 0 1.000 0 0 1.000 0
18 0.000 0.000 0 1 0.000 0.000 0.000 1 1 1 0 0 0 0 0.000 -0.700 0 0 1.500 0.000 0 17.349 17.349 11.566 11.566 5.783 5.783 0.000 17.349 5.783 5.783 17.349 0.000 14.457 8.679 0.617 0.617 0.724 0.724 0.851 0.851 1.000 0.617 0.851 0.851 0.617 1.000 0.668 0.785 1 1 1 1 1 1 1 1 1 1 1 1 1 1
inputOffset 19 0.000 0.000 0.000
inputJitter 19 0.000
inputLFO 19 0 1.000 0 0 1.000 0 0 1.000 0 0 1.000 0
19 0.000 0.000 0 1 0.000 0.000 0.000 1 1 1 0 0 0 0 0.000 -0.700 0 0 1.500 0.000 0 17.349 17.349 11.566 11.566 5.783 5.783 0.000 17.349 5.783 5.783 17.349 0.000 14.457 8.679 0.617 0.617 0.724 0.724 0.851 0.851 1.000 0.617 0.851 0.851 0.617 1.000 0.668 0.785 1 1 1 1 1 1 1 1 1 1 1 1 1 1
inputOffset 20 0.000 0.000 0.000
inputJitter 20 0.000
inputLFO 20 0 1.000 0 0 1.000 0 0 1.000 0 0 1.000 0
20 0.000 0.000 0 1 0.000 0.000 0.000 1 1 1 0 0 0 0 0.000 -0.700 0 0 1.500 0.000 0 17.349 17.349 11.566 11.566 5.783 5.783 0.000 17.349 5.783 5.783 17.349 0.000 14.457 8.679 0.617 0.617 0.724 0.724 0.851 0.851 1.000 0.617 0.851 0.851 0.617 1.000 0.668 0.785 1 1 1 1 1 1 1 1 1 1 1 1 1 1
inputOffset 21 0.000 0.000 0.000
inputJitter 21 0.000
inputLFO 21 0 1.000 0 0 1.000 0 0 1.000 0 0 1.000 0
21 0.000 0.000 0 1 0.000 0.000 0.000 1 1 1 0 0 0 0 0.000 -0.700 0 0 1.500 0.000 0 17.349 17.349 11.566 11.566 5.783 5.783 0.000 17.349 5.783 5.783 17.349 0.000 14.457 8.679 0.617 0.617 0.724 0.724 0.851 0.851 1.000 0.617 0.851 0.851 0.617 1.000 0.668 0.785 1 1 1 1 1 1 1 1 1 1 1 1 1 1
inputOffset 22 0.000 0.000 0.000
inputJitter 22 0.000
inputLFO 22 0 1.000 0 0 1.000 0 0 1.000 0 0 1.000 0
22 0.000 0.000 0 1 0.000 0.000 0.000 1 1 1 0 0 0 0 0.000 -0.700 0 0 1.500 0.000 0 17.349 17.349 11.566 11.566 5.783 5.783 0.000 17.349 5.783 5.783 17.349 0.000 14.457 8.679 0.617 0.617 0.724 0.724 0.851 0.851 1.000 0.617 0.851 0.851 0.617 1.000 0.668 0.785 1 1 1 1 1 1 1 1 1 1 1 1 1 1
inputOffset 23 0.000 0.000 0.000
inputJitter 23 0.000
inputLFO 23 0 1.000 0 0 1.000 0 0 1.000 0 0 1.000 0
23 0.000 0.000 0 1 0.000 0.000 0.000 1 1 1 0 0 0 0 0.000 -0.700 0 0 1.500 0.000 0 17.349 17.349 11.566 11.566 5.783 5.783 0.000 17.349 5.783 5.783 17.349 0.000 14.457 8.679 0.617 0.617 0.724 0.724 0.851 0.851 1.000 0.617 0.851 0.851 0.617 1.000 0.668 0.785 1 1 1 1 1 1 1 1 1 1 1 1 1 1
inputOffset 24 0.000 0.000 0.000
inputJitter 24 0.000
inputLFO 24 0 1.000 0 0 1.000 0 0 1.000 0 0 1.000 0
24 0.000 0.000 0 1 0.000 0.000 0.000 1 1 1 0 0 0 0 0.000 -0.700 0 0 1.500 0.000 0 17.349 17.349 11.566 11.566 5.783 5.783 0.000 17.349 5.783 5.783 17.349 0.000 14.457 8.679 0.617 0.617 0.724 0.724 0.851 0.851 1.000 0.617 0.851 0.851 0.617 1.000 0.668 0.785 1 1 1 1 1 1 1 1 1 1 1 1 1 1
inputOffset 25 0.000 0.000 0.000
inputJitter 25 0.000
inputLFO 25 0 1.000 0 0 1.000 0 0 1.000 0 0 1.000 0
25 0.000 0.000 0 1 0.000 0.000 0.000 1 1 1 0 0 0 0 0.000 -0.700 0 0 1.500 0.000 0 17.349 17.349 11.566 11.566 5.783 5.783 0.000 17.349 5.783 5.783 17.349 0.000 14.457 8.679 0.617 0.617 0.724 0.724 0.851 0.851 1.000 0.617 0.851 0.851 0.617 1.000 0.668 0.785 1 1 1 1 1 1 1 1 1 1 1 1 1 1
inputOffset 26 0.000 0.000 0.000
inputJitter 26 0.000
inputLFO 26 0 1.000 0 0 1.000 0 0 1.000 0 0 1.000 0
26 0.000 0.000 0 1 0.000 0.000 0.000 1 1 1 0 0 0 0 0.000 -0.700 0 0 1.500 0.000 0 17.349 17.349 11.566 11.566 5.783 5.783 0.000 17.349 5.783 5.783 17.349 0.000 14.457 8.679 0.617 0.617 0.724 0.724 0.851 0.851 1.000 0.617 0.851 0.851 0.617 1.000 0.668 0.785 1 1 1 1 1 1 1 1 1 1 1 1 1 1
inputOffset 27 0.000 0.000 0.000
inputJitter 27 0.000
inputLFO 27 0 1.000 0 0 1.000 0 0 1.000 0 0 1.000 0
27 0.000 0.000 0 1 7.000 10.000 0.000 1 1 1 0 0 0 0 0.000 -0.200 0 0 1.500 0.000 0 47.424 29.059 42.985 30.188 38.901 32.328 35.295 47.424 38.901 32.328 29.059 35.295 29.487 42.830 0.685 0.793 0.710 0.786 0.734 0.773 0.755 0.685 0.734 0.773 0.793 0.755 0.791 0.711 1 1 1 1 1 1 1 1 1 1 1 1 1 1
inputOffset 28 0.000 0.000 0.000
inputJitter 28 0.000
inputLFO 28 0 1.000 0 0 1.000 0 0 1.000 0 0 1.000 0
28 0.000 0.000 0 1 7.000 10.000 0.000 1 1 1 1 0 0 0 0.000 -0.200 0 0 1.500 0.000 0 29.059 47.424 30.188 42.985 32.328 38.901 35.295 29.059 32.328 38.901 47.424 35.295 45.166 42.556 0.793 0.685 0.786 0.710 0.773 0.734 0.755 0.793 0.773 0.734 0.685 0.755 0.698 0.713 1 1 1 1 1 1 1 1 1 1 1 1 1 1
inputOffset 29 0.000 0.000 0.000
inputJitter 29 0.000
inputLFO 29 0 1.000 0 0 1.000 0 0 1.000 0 0 1.000 0
29 0.000 0.000 0 1 4.000 9.000 0.000 1 1 1 0 0 0 0 0.000 -0.300 0 0 1.500 0.000 0 38.901 26.658 34.818 26.023 31.276 26.658 28.478 38.901 31.276 26.658 26.658 28.478 26.183 36.667 0.628 0.727 0.660 0.733 0.688 0.727 0.712 0.628 0.688 0.727 0.727 0.712 0.731 0.645 1 1 1 1 1 1 1 1 1 1 1 1 1 1
inputOffset 30 0.000 0.000 0.000
inputJitter 30 0.000
inputLFO 30 0 1.000 0 0 1.000 0 0 1.000 0 0 1.000 0
30 0.000 0.000 0 1 4.000 9.000 0.000 1 1 1 1 0 0 0 0.000 -0.300 0 0 1.500 0.000 0 26.658 38.901 26.023 34.818 26.658 31.276 28.478 26.658 26.658 31.276 38.901 28.478 36.802 36.484 0.727 0.628 0.733 0.660 0.727 0.688 0.712 0.727 0.727 0.688 0.628 0.712 0.644 0.647 1 1 1 1 1 1 1 1 1 1 1 1 1 1
inputOffset 31 0.000 0.000 0.000
inputJitter 31 0.000
inputLFO 31 0 1.000 0 0 1.000 0 0 1.000 0 0 1.000 0
31 0.000 0.000 0 1 0.000 4.000 0.000 1 1 1 0 0 0 0 0.000 -0.300 0 0 1.500 0.000 0 20.851 20.851 16.357 16.357 12.931 12.931 11.566 20.851 12.931 12.931 20.851 11.566 18.514 20.242 0.717 0.717 0.771 0.771 0.814 0.814 0.832 0.717 0.814 0.814 0.717 0.832 0.745 0.724 1 1 1 1 1 1 1 1 1 1 1 1 1 1
inputOffset 32 0.000 0.000 0.000
inputJitter 32 0.000
inputLFO 32 0 1.000 0 0 1.000 0 0 1.000 0 0 1.000 0
32 0.000 0.000 0 1 0.000 6.000 0.000 1 1 1 0 0 0 0 0.000 -0.300 0 0 1.500 0.000 0 24.535 24.535 20.851 20.851 18.287 18.287 17.349 24.535 18.287 18.287 24.535 17.349 22.583 26.025 0.746 0.746 0.780 0.780 0.804 0.804 0.813 0.746 0.804 0.804 0.746 0.813 0.764 0.733 1 1 1 1 1 1 1 1 1 1 1 1 1 1
