inputNames 1 Violin1
inputNames 2 Violin2
inputNames 3 Viola
inputNames 4 Cello
inputNames 5 DoubleBass
inputNames 6 Flute
inputNames 7 Clarinet
inputNames 8 Bassoon
inputNames 9 Trumpet
inputNames 10 Trombone
inputNames 11 Marimba_L
inputNames 12 Marimba_R
inputNames 13 Vibraphone
inputNames 14 Drums_L
inputNames 15 Drums_R
inputNames 16 SR_Riser
inputNames 17 Shrines_L
inputNames 18 Shrines_R
inputNames 19 Chorus_Lo
inputNames 20 Chorus_Hi
inputNames 21 Soloists_Card
inputNames 22 Soloists_Shotg
inputNames 23 rvb_orch_1L
inputNames 24 rvb_orch_1R
inputNames 25 rvb_orch_2L
inputNames 26 rvb_orch_2R
inputNames 27 rvb_vx_1L
inputNames 28 rvb_vx_1R
inputNames 29 rvb_vx_2L
inputNames 30 rvb_vx_2R
inputNames 31 Video_L
inputNames 32 Video_R
1 0.000 0.000 0 1 2.303 1.785 1.500 1 1 1 0 0 0 30 0 -0.700 0 0 1.500 0.000 0 21.734 9.414 16.196 5.662 10.905 6.493 25.832 13.271 8.969 20.539 8.745 12.520 6.453 27.134 7.708 14.108 8.725 8.273 0.545 0.769 0.636 0.854 0.738 0.834 0.486 0.690 0.778 0.564 0.783 0.705 0.835 0.469 0.806 0.674 0.784 0.794 1 1 1 1 1 1 1 1 1 1 1 1 1 1 1 1 1 1
2 0.000 0.000 0 1 3.669 2.382 1.500 1 1 1 0 0 0 30 0 -0.700 0 0 1.500 0.000 0 25.984 7.990 20.485 7.267 15.189 10.413 30.029 10.919 13.009 24.760 7.927 16.724 9.812 31.299 11.978 11.124 12.939 12.458 0.484 0.800 0.564 0.816 0.654 0.748 0.432 0.737 0.695 0.501 0.801 0.627 0.760 0.417 0.716 0.733 0.697 0.706 1 1 1 1 1 1 1 1 1 1 1 1 1 1 1 1 1 1
3 0.000 0.000 0 1 5.126 2.190 1.500 1 1 1 0 0 0 30 0 -0.700 0 0 1.500 0.000 0 29.934 6.472 24.329 8.912 18.826 13.550 34.009 7.955 16.392 28.666 7.282 20.385 12.622 35.364 15.637 7.406 16.410 15.881 0.434 0.835 0.507 0.780 0.591 0.685 0.387 0.801 0.633 0.449 0.816 0.566 0.703 0.373 0.646 0.813 0.632 0.642 1 1 1 1 1 1 1 1 1 1 1 1 1 1 1 1 1 1
4 0.000 0.000 0 1 6.415 1.729 0.600 1 1 1 0 0 0 30 0 -0.700 0 0 1.500 0.000 0 33.329 6.471 27.635 11.062 21.984 16.416 37.532 6.357 19.577 32.140 8.424 23.714 15.546 38.887 18.861 3.965 19.463 18.906 0.394 0.835 0.462 0.734 0.541 0.632 0.351 0.837 0.579 0.408 0.790 0.516 0.648 0.338 0.591 0.895 0.581 0.590 1 1 1 1 1 1 1 1 1 1 1 1 1 1 1 1 1 1
5 0.000 0.000 0 1 7.285 0.874 0.800 1 1 1 0 0 0 30 0 -0.700 0 0 1.500 0.000 0 35.553 7.081 29.798 12.634 24.052 18.323 39.764 5.235 21.518 34.322 9.247 25.766 17.312 41.250 21.062 1.453 21.471 20.898 0.371 0.821 0.435 0.703 0.511 0.600 0.329 0.864 0.548 0.384 0.772 0.487 0.617 0.316 0.555 0.960 0.549 0.558 1 1 1 1 1 1 1 1 1 1 1 1 1 1 1 1 1 1
6 0.000 0.000 0 1 1.749 3.845 1.200 1 1 1 0 0 0 30 0 -0.700 0 0 1.500 0.000 0 22.446 14.573 17.670 11.720 13.685 11.358 26.230 17.747 12.658 21.449 14.064 14.922 11.630 27.057 10.948 18.003 12.362 12.124 0.534 0.666 0.611 0.721 0.682 0.728 0.481 0.609 0.702 0.549 0.675 0.659 0.723 0.470 0.737 0.605 0.708 0.713 1 1 1 1 1 1 1 1 1 1 1 1 1 1 1 1 1 1
7 0.000 0.000 0 1 3.198 4.502 0.700 1 1 1 0 0 0 30 0 -0.700 0 0 1.500 0.000 0 27.003 14.011 22.120 13.022 17.779 14.474 30.841 16.404 16.397 26.026 14.064 19.172 14.411 31.627 14.800 15.946 16.121 15.787 0.471 0.676 0.539 0.695 0.609 0.668 0.423 0.633 0.633 0.484 0.675 0.586 0.669 0.414 0.662 0.641 0.638 0.644 1 1 1 1 1 1 1 1 1 1 1 1 1 1 1 1 1 1
8 0.000 0.000 0 1 5.155 4.169 1.200 1 1 1 0 0 0 30 0 -0.700 0 0 1.500 0.000 0 31.700 12.079 26.453 13.580 21.479 17.016 35.617 13.005 19.432 30.543 12.641 22.917 16.356 36.660 18.288 11.892 19.385 18.937 0.413 0.714 0.478 0.684 0.549 0.622 0.370 0.696 0.581 0.426 0.703 0.527 0.633 0.359 0.600 0.717 0.582 0.589 1 1 1 1 1 1 1 1 1 1 1 1 1 1 1 1 1 1
9 0.000 0.000 0 1 6.981 3.652 0.700 1 1 1 0 0 0 30 0 -0.702 0 0 1.500 0.000 0 36.158 12.006 30.683 15.604 25.341 20.236 40.197 11.264 23.024 34.961 13.242 26.895 19.348 41.372 22.117 9.117 23.004 22.493 0.363 0.714 0.424 0.646 0.492 0.567 0.324 0.729 0.525 0.376 0.690 0.471 0.582 0.314 0.538 0.775 0.525 0.533 1 1 1 1 1 1 1 1 1 1 1 1 1 1 1 1 1 1
10 0.000 0.000 0 1 7.906 2.705 0.700 1 1 1 0 0 0 30 0 -0.700 0 0 1.500 0.000 0 38.067 11.477 32.439 16.183 26.873 21.417 42.201 9.729 24.424 36.852 13.131 28.511 20.437 43.498 23.699 6.909 24.400 23.854 0.345 0.726 0.404 0.636 0.472 0.550 0.308 0.762 0.506 0.357 0.693 0.451 0.565 0.297 0.516 0.825 0.506 0.514 1 1 1 1 1 1 1 1 1 1 1 1 1 1 1 1 1 1
11 0.000 0.000 0 1 -0.145 7.980 1.200 1 1 1 0 0 0 30 0 -0.700 0 0 1.500 0.000 0 26.982 27.426 24.485 24.780 23.189 23.293 29.451 29.971 23.271 26.446 26.854 23.594 23.747 29.304 21.619 29.876 23.057 23.068 0.471 0.465 0.505 0.501 0.523 0.522 0.439 0.433 0.522 0.478 0.472 0.517 0.515 0.441 0.547 0.434 0.525 0.525 1 1 1 1 1 1 1 1 1 1 1 1 1 1 1 1 1 1
12 0.000 0.000 0 1 -0.145 7.980 1.200 1 1 1 0 0 0 30 0 -0.700 0 0 1.500 0.000 0 26.985 27.429 24.489 24.783 23.193 23.297 29.441 29.962 23.259 26.435 26.843 23.582 23.735 29.307 21.624 29.879 23.061 23.072 0.471 0.465 0.505 0.501 0.523 0.522 0.440 0.433 0.522 0.478 0.473 0.518 0.515 0.441 0.547 0.434 0.525 0.525 1 1 1 1 1 1 1 1 1 1 1 1 1 1 1 1 1 1
13 0.000 0.000 0 1 5.498 7.545 1.100 1 1 1 0 0 0 30 0 -0.700 0 0 1.500 0.000 0 37.326 21.843 32.813 22.957 28.754 25.369 40.813 22.205 27.168 36.319 22.239 29.905 24.889 41.420 25.809 20.810 27.132 26.792 0.353 0.543 0.400 0.527 0.448 0.492 0.320 0.538 0.468 0.363 0.537 0.434 0.499 0.315 0.486 0.559 0.469 0.473 1 1 1 1 1 1 1 1 1 1 1 1 1 1 1 1 1 1
14 0.000 0.000 0 1 7.594 5.907 1.300 1 1 1 0 0 0 30 0 -0.700 0 0 1.500 0.000 0 40.163 18.646 35.024 21.620 30.116 25.571 43.973 17.720 27.975 38.996 19.541 31.482 24.729 44.933 26.925 15.730 28.015 27.559 0.326 0.594 0.376 0.547 0.431 0.490 0.293 0.610 0.458 0.337 0.579 0.415 0.501 0.285 0.472 0.645 0.457 0.463 1 1 1 1 1 1 1 1 1 1 1 1 1 1 1 1 1 1
15 0.000 0.000 0 1 7.594 5.907 1.300 1 1 1 0 0 0 30 0 -0.700 0 0 1.500 0.000 0 40.165 18.651 35.026 21.624 30.118 25.574 43.967 17.703 27.964 38.989 19.527 31.473 24.717 44.935 26.928 15.735 28.018 27.562 0.326 0.594 0.376 0.547 0.431 0.490 0.293 0.610 0.458 0.337 0.580 0.415 0.502 0.285 0.471 0.644 0.457 0.463 1 1 1 1 1 1 1 1 1 1 1 1 1 1 1 1 1 1
16 0.000 0.000 0 1 -3.980 0.563 1.000 1 1 1 0 0 0 30 0 -0.700 0 1 2.700 -10.000 3 3.473 25.985 3.375 20.231 8.796 14.492 7.964 30.204 12.108 4.110 24.774 8.117 16.274 8.762 11.522 31.705 11.350 11.920 0.833 0.484 0.832 0.568 0.782 0.667 0.801 0.430 0.713 0.837 0.501 0.797 0.635 0.783 0.725 0.413 0.728 0.717 1 1 1 1 1 1 1 1 1 1 1 1 1 1 1 1 1 1
17 0.000 0.000 0 1 -3.323 0.000 0.400 1 1 1 0 0 0 0 0 -0.700 0 1 2.200 -5.000 0 4.841 24.024 0.932 18.251 6.705 12.478 8.882 28.065 9.592 3.397 22.580 5.262 13.921 10.711 9.700 29.831 9.303 9.880 0.762 0.511 0.596 0.601 0.829 0.706 0.780 0.457 0.765 0.696 0.532 0.782 0.678 0.742 0.763 0.435 0.771 0.759 1 1 1 1 1 1 1 1 1 1 1 1 1 1 1 1 1 1
18 0.000 0.000 0 1 -3.323 0.000 0.400 1 1 1 1 0 0 0 0 -0.700 0 1 2.200 -5.000 0 24.024 4.841 18.251 0.932 12.478 6.705 28.065 8.882 9.592 22.580 3.397 13.921 5.262 29.831 9.700 10.711 9.880 9.303 0.511 0.762 0.601 0.596 0.706 0.829 0.457 0.780 0.765 0.532 0.696 0.678 0.782 0.435 0.763 0.742 0.759 0.771 1 1 1 1 1 1 1 1 1 1 1 1 1 1 1 1 1 1
19 1.500 0.000 0 1 -2.551 2.277 1.300 1 1 1 0 0 0 0 0 -0.700 0 0 1.500 0.000 0 9.652 22.765 6.699 17.318 7.952 12.176 12.908 26.659 9.870 8.651 21.387 7.239 13.413 13.828 8.974 28.041 9.656 10.087 0.764 0.530 0.829 0.617 0.801 0.712 0.697 0.475 0.759 0.785 0.550 0.817 0.688 0.680 0.778 0.457 0.764 0.755 1 1 1 1 1 1 1 1 1 1 1 1 1 1 1 1 1 1
20 6.000 0.000 0 1 -3.204 3.352 1.300 1 1 1 0 0 0 0 0 -0.700 0 0 1.500 0.000 0 10.977 25.581 9.693 20.354 11.579 15.520 13.368 29.361 13.384 10.373 24.251 10.854 16.672 13.705 12.381 30.582 13.186 13.585 0.736 0.490 0.763 0.566 0.724 0.648 0.688 0.441 0.688 0.749 0.508 0.739 0.628 0.682 0.708 0.426 0.692 0.684 1 1 1 1 1 1 1 1 1 1 1 1 1 1 1 1 1 1
21 3.000 0.000 0 1 0.000 2.200 2.100 1 1 1 0 0 0 0 0 -0.700 0 0 1.500 0.000 0 15.794 15.741 10.761 10.715 6.987 6.963 19.561 19.507 6.350 14.484 14.432 7.702 7.669 20.820 4.907 20.764 6.358 6.355 0.643 0.644 0.740 0.741 0.823 0.823 0.579 0.580 0.838 0.667 0.668 0.807 0.807 0.559 0.872 0.560 0.837 0.837 1 1 1 1 1 1 1 1 1 1 1 1 1 1 1 1 1 1
22 3.000 0.000 0 1 0.000 2.200 2.100 1 1 1 0 0 0 0 0 -0.700 0 0 1.500 0.000 0 15.794 15.741 10.761 10.715 6.987 6.963 19.561 19.507 6.350 14.484 14.432 7.702 7.669 20.820 4.907 20.764 6.358 6.355 0.643 0.644 0.740 0.741 0.823 0.823 0.579 0.580 0.838 0.667 0.668 0.807 0.807 0.559 0.872 0.560 0.837 0.837 1 1 1 1 1 1 1 1 1 1 1 1 1 1 1 1 1 1
23 0.000 0.000 1 1 0.000 7.953 0.000 0 0 0 0 0 0 0 0 0.000 0 0 1.500 0.000 0 5.603 5.603 3.022 3.022 1.624 1.624 7.953 7.953 1.443 4.863 4.863 1.848 1.848 8.001 0.000 8.001 1.445 1.445 1.000 1.000 1.000 1.000 1.000 1.000 1.000 1.000 1.000 1.000 1.000 1.000 1.000 1.000 1.000 1.000 1.000 1.000 1 1 1 1 1 1 1 1 1 1 1 1 1 1 1 1 1 1
24 0.000 0.000 1 1 0.000 7.953 0.000 0 0 0 1 0 0 0 0 0.000 0 0 1.500 0.000 0 5.603 5.603 3.022 3.022 1.624 1.624 7.953 7.953 1.443 4.863 4.863 1.848 1.848 8.001 0.000 8.001 1.445 1.445 1.000 1.000 1.000 1.000 1.000 1.000 1.000 1.000 1.000 1.000 1.000 1.000 1.000 1.000 1.000 1.000 1.000 1.000 1 1 1 1 1 1 1 1 1 1 1 1 1 1 1 1 1 1
25 0.000 0.000 1 1 0.000 7.953 0.000 0 0 0 0 0 0 0 0 0.000 0 0 1.500 0.000 0 5.603 5.603 3.022 3.022 1.624 1.624 7.953 7.953 1.443 4.863 4.863 1.848 1.848 8.001 0.000 8.001 1.445 1.445 1.000 1.000 1.000 1.000 1.000 1.000 1.000 1.000 1.000 1.000 1.000 1.000 1.000 1.000 1.000 1.000 1.000 1.000 1 1 1 1 1 1 1 1 1 1 1 1 1 1 1 1 1 1
26 0.000 0.000 1 1 0.000 7.953 0.000 0 0 0 1 0 0 0 0 0.000 0 0 1.500 0.000 0 5.603 5.603 3.022 3.022 1.624 1.624 7.953 7.953 1.443 4.863 4.863 1.848 1.848 8.001 0.000 8.001 1.445 1.445 1.000 1.000 1.000 1.000 1.000 1.000 1.000 1.000 1.000 1.000 1.000 1.000 1.000 1.000 1.000 1.000 1.000 1.000 1 1 1 1 1 1 1 1 1 1 1 1 1 1 1 1 1 1
27 0.000 -10.000 1 1 0.000 7.953 0.000 0 0 0 0 0 0 0 0 0.000 0 0 1.500 0.000 0 5.603 5.603 3.022 3.022 1.624 1.624 7.953 7.953 1.443 4.863 4.863 1.848 1.848 8.001 0.000 8.001 1.445 1.445 1.000 1.000 1.000 1.000 1.000 1.000 1.000 1.000 1.000 1.000 1.000 1.000 1.000 1.000 1.000 1.000 1.000 1.000 1 1 1 1 1 1 1 1 1 1 1 1 1 1 1 1 1 1
28 0.000 -10.000 1 1 0.000 7.953 0.000 0 0 0 1 0 0 0 0 0.000 0 0 1.500 0.000 0 5.603 5.603 3.022 3.022 1.624 1.624 7.953 7.953 1.443 4.863 4.863 1.848 1.848 8.001 0.000 8.001 1.445 1.445 1.000 1.000 1.000 1.000 1.000 1.000 1.000 1.000 1.000 1.000 1.000 1.000 1.000 1.000 1.000 1.000 1.000 1.000 1 1 1 1 1 1 1 1 1 1 1 1 1 1 1 1 1 1
29 0.000 -10.000 1 1 0.000 7.953 0.000 0 0 0 0 0 0 0 0 0.000 0 0 1.500 0.000 0 5.603 5.603 3.022 3.022 1.624 1.624 7.953 7.953 1.443 4.863 4.863 1.848 1.848 8.001 0.000 8.001 1.445 1.445 1.000 1.000 1.000 1.000 1.000 1.000 1.000 1.000 1.000 1.000 1.000 1.000 1.000 1.000 1.000 1.000 1.000 1.000 1 1 1 1 1 1 1 1 1 1 1 1 1 1 1 1 1 1
30 0.000 -10.000 1 1 0.000 7.953 0.000 0 0 0 1 0 0 0 0 0.000 0 0 1.500 0.000 0 5.603 5.603 3.022 3.022 1.624 1.624 7.953 7.953 1.443 4.863 4.863 1.848 1.848 8.001 0.000 8.001 1.445 1.445 1.000 1.000 1.000 1.000 1.000 1.000 1.000 1.000 1.000 1.000 1.000 1.000 1.000 1.000 1.000 1.000 1.000 1.000 1 1 1 1 1 1 1 1 1 1 1 1 1 1 1 1 1 1
31 0.000 0.000 1 1 4.000 7.807 0.000 0 0 0 0 0 0 30 0 -0.400 0 0 1.500 0.000 0 9.730 0.728 5.886 0.000 2.786 0.728 13.000 2.423 1.992 9.012 0.817 3.833 0.817 13.214 0.265 1.510 1.712 1.504 0.598 0.690 0.635 0.698 0.668 0.690 0.567 0.672 0.676 0.605 0.689 0.657 0.689 0.565 0.695 0.681 0.679 0.681 1 1 1 1 1 1 1 1 1 1 1 1 1 1 1 1 1 1
32 0.000 0.000 1 1 4.000 7.807 0.000 0 0 0 1 0 0 0 0 -0.400 0 0 1.500 0.000 0 0.728 9.730 0.000 5.886 0.728 2.786 2.044 12.736 1.606 0.412 8.714 0.412 3.475 1.510 0.265 13.214 1.504 1.712 0.690 0.598 0.698 0.635 0.690 0.668 0.676 0.570 0.680 0.693 0.607 0.693 0.660 0.681 0.695 0.565 0.681 0.679 1 1 1 1 1 1 1 1 1 1 1 1 1 1 1 1 1 1
