inputNames 1 Violin1
inputNames 2 Violin2
inputNames 3 Viola
inputNames 4 Cello
inputNames 5 DoubleBass
inputNames 6 Flute
inputNames 7 Clarinet
inputNames 8 Bassoon
inputNames 9 Trumpet
inputNames 10 Trombone
inputNames 11 Marimba_L
inputNames 12 Marimba_R
inputNames 13 Vibraphone
inputNames 14 Drums_L
inputNames 15 Drums_R
inputNames 16 SR_Riser
inputNames 17 Shrines_L
inputNames 18 Shrines_R
inputNames 19 Chorus_Lo
inputNames 20 Chorus_Hi
inputNames 21 Soloists_Card
inputNames 22 Soloists_Shotg
inputNames 23 rvb_orch_1L
inputNames 24 rvb_orch_1R
inputNames 25 rvb_orch_2L
inputNames 26 rvb_orch_2R
inputNames 27 rvb_vx_1L
inputNames 28 rvb_vx_1R
inputNames 29 rvb_vx_2L
inputNames 30 rvb_vx_2R
inputNames 31 Video_L
inputNames 32 Video_R
1 0.000 0.000 0 2 2.303 1.785 1.500 1 1 1 0 0 0 30 0 -0.700 0 0 1.500 0.000 0 21.739 9.425 16.203 5.682 10.915 6.510 25.822 13.251 8.940 20.526 8.715 12.499 6.411 27.138 7.722 14.116 8.737 8.287 0.545 0.769 0.636 0.853 0.737 0.834 0.486 0.691 0.779 0.564 0.784 0.705 0.836 0.469 0.806 0.674 0.784 0.793 1 1 1 1 1 1 1 1 1 1 1 1 1 1 1 1 1 1
2 0.000 0.000 0 3 3.669 2.382 1.500 1 1 1 0 0 0 30 0 -0.700 0 0 1.500 0.000 0 25.982 7.982 20.482 7.259 15.185 10.407 30.019 10.890 12.985 24.747 7.887 16.705 9.780 31.298 11.973 11.119 12.935 12.453 0.484 0.800 0.564 0.817 0.654 0.748 0.433 0.738 0.696 0.501 0.802 0.627 0.761 0.417 0.716 0.733 0.697 0.706 1 1 1 1 1 1 1 1 1 1 1 1 1 1 1 1 1 1
3 0.000 0.000 0 4 5.126 2.190 1.500 1 1 1 0 0 0 30 0 -0.700 0 0 1.500 0.000 0 29.932 6.464 24.327 8.905 18.823 13.545 33.999 7.916 16.373 28.655 7.239 20.370 12.597 35.363 15.633 7.399 16.407 15.878 0.434 0.835 0.507 0.780 0.591 0.685 0.387 0.802 0.633 0.449 0.817 0.566 0.703 0.373 0.646 0.813 0.632 0.642 1 1 1 1 1 1 1 1 1 1 1 1 1 1 1 1 1 1
4 0.000 0.000 0 5 6.415 1.729 0.600 1 1 1 0 0 0 30 0 -0.700 0 0 1.500 0.000 0 33.328 6.470 27.635 11.061 21.983 16.416 37.519 6.279 19.552 32.125 8.365 23.693 15.514 38.887 18.860 3.963 19.463 18.906 0.394 0.835 0.462 0.734 0.541 0.632 0.351 0.839 0.579 0.408 0.792 0.516 0.648 0.338 0.591 0.895 0.581 0.590 1 1 1 1 1 1 1 1 1 1 1 1 1 1 1 1 1 1
5 0.000 0.000 0 6 7.285 0.874 0.800 1 1 1 0 0 0 30 0 -0.700 0 0 1.500 0.000 0 35.556 7.095 29.802 12.642 24.057 18.329 39.748 5.110 21.488 34.303 9.177 25.741 17.275 41.252 21.067 1.524 21.476 20.903 0.371 0.820 0.435 0.703 0.511 0.599 0.330 0.867 0.549 0.384 0.774 0.487 0.617 0.316 0.555 0.958 0.549 0.558 1 1 1 1 1 1 1 1 1 1 1 1 1 1 1 1 1 1
6 0.000 0.000 0 7 1.749 3.845 1.200 1 1 1 0 0 0 30 0 -0.700 0 0 1.500 0.000 0 22.444 14.571 17.668 11.717 13.683 11.355 26.216 17.726 12.629 21.432 14.038 14.898 11.598 27.056 10.945 18.001 12.359 12.120 0.534 0.666 0.611 0.721 0.682 0.728 0.481 0.610 0.703 0.550 0.676 0.660 0.723 0.470 0.737 0.605 0.708 0.713 1 1 1 1 1 1 1 1 1 1 1 1 1 1 1 1 1 1
7 0.000 0.000 0 8 3.198 4.502 0.700 1 1 1 0 0 0 30 0 -0.700 0 0 1.500 0.000 0 27.003 14.010 22.120 13.021 17.778 14.473 30.826 16.375 16.369 26.008 14.030 19.147 14.379 31.627 14.799 15.945 16.120 15.786 0.471 0.676 0.539 0.695 0.609 0.668 0.423 0.633 0.633 0.484 0.676 0.586 0.669 0.414 0.662 0.641 0.638 0.644 1 1 1 1 1 1 1 1 1 1 1 1 1 1 1 1 1 1
8 0.000 0.000 0 9 5.155 4.169 1.200 1 1 1 0 0 0 30 0 -0.700 0 0 1.500 0.000 0 31.703 12.087 26.457 13.586 21.483 17.021 35.609 12.983 19.417 30.533 12.618 22.905 16.338 36.663 18.293 11.899 19.390 18.941 0.413 0.714 0.478 0.684 0.549 0.622 0.370 0.696 0.582 0.426 0.703 0.528 0.634 0.359 0.600 0.717 0.582 0.589 1 1 1 1 1 1 1 1 1 1 1 1 1 1 1 1 1 1
9 0.000 0.000 0 10 6.981 3.652 0.700 1 1 1 0 0 0 30 0 -0.702 0 0 1.500 0.000 0 36.158 12.007 30.683 15.605 25.341 20.237 40.209 11.305 23.044 34.974 13.276 26.912 19.372 41.372 22.117 9.118 23.005 22.494 0.363 0.714 0.424 0.646 0.492 0.567 0.324 0.729 0.525 0.376 0.690 0.471 0.581 0.314 0.538 0.775 0.525 0.533 1 1 1 1 1 1 1 1 1 1 1 1 1 1 1 1 1 1
10 0.000 0.000 0 11 7.906 2.705 0.700 1 1 1 0 0 0 30 0 -0.700 0 0 1.500 0.000 0 38.066 11.475 32.439 16.182 26.873 21.417 42.189 9.681 24.404 36.839 13.095 28.494 20.414 43.497 23.699 6.908 24.400 23.854 0.345 0.726 0.404 0.636 0.472 0.550 0.308 0.763 0.506 0.358 0.694 0.451 0.566 0.297 0.516 0.825 0.506 0.514 1 1 1 1 1 1 1 1 1 1 1 1 1 1 1 1 1 1
11 0.000 0.000 0 1 -0.145 7.980 1.200 1 1 1 0 0 0 30 0 -0.700 0 0 1.500 0.000 0 27.892 10.558 22.614 10.558 17.647 13.346 31.844 12.684 15.690 26.736 10.722 19.103 12.844 32.927 14.469 12.290 15.595 15.161 0.459 0.745 0.532 0.745 0.611 0.689 0.411 0.702 0.645 0.474 0.741 0.587 0.699 0.399 0.668 0.710 0.647 0.655 1 1 1 1 1 1 1 1 1 1 1 1 1 1 1 1 1 1
12 0.000 0.000 0 1 -0.145 7.980 1.200 1 1 1 0 0 0 30 0 -0.700 0 0 1.500 0.000 0 27.892 10.558 22.614 10.558 17.647 13.346 31.844 12.684 15.690 26.736 10.722 19.103 12.844 32.927 14.469 12.290 15.595 15.161 0.459 0.745 0.532 0.745 0.611 0.689 0.411 0.702 0.645 0.474 0.741 0.587 0.699 0.399 0.668 0.710 0.647 0.655 1 1 1 1 1 1 1 1 1 1 1 1 1 1 1 1 1 1
13 0.000 0.000 0 2 2.303 1.785 1.500 1 1 1 0 0 0 30 0 -0.700 0 0 1.500 0.000 0 21.739 9.425 16.203 5.682 10.915 6.510 25.822 13.251 8.940 20.526 8.715 12.499 6.411 27.138 7.722 14.116 8.737 8.287 0.545 0.769 0.636 0.853 0.737 0.834 0.486 0.691 0.779 0.564 0.784 0.705 0.836 0.469 0.806 0.674 0.784 0.793 1 1 1 1 1 1 1 1 1 1 1 1 1 1 1 1 1 1
14 0.000 0.000 0 3 3.669 2.382 1.500 1 1 1 0 0 0 30 0 -0.700 0 0 1.500 0.000 0 25.982 7.982 20.482 7.259 15.185 10.407 30.019 10.890 12.985 24.747 7.887 16.705 9.780 31.298 11.973 11.119 12.935 12.453 0.484 0.800 0.564 0.817 0.654 0.748 0.433 0.738 0.696 0.501 0.802 0.627 0.761 0.417 0.716 0.733 0.697 0.706 1 1 1 1 1 1 1 1 1 1 1 1 1 1 1 1 1 1
15 0.000 0.000 0 4 5.126 2.190 1.500 1 1 1 0 0 0 30 0 -0.700 0 0 1.500 0.000 0 29.932 6.464 24.327 8.905 18.823 13.545 33.999 7.916 16.373 28.655 7.239 20.370 12.597 35.363 15.633 7.399 16.407 15.878 0.434 0.835 0.507 0.780 0.591 0.685 0.387 0.802 0.633 0.449 0.817 0.566 0.703 0.373 0.646 0.813 0.632 0.642 1 1 1 1 1 1 1 1 1 1 1 1 1 1 1 1 1 1
16 0.000 0.000 0 5 6.415 1.729 0.600 1 1 1 0 0 0 30 0 -0.700 0 1 2.700 -10.000 3 33.328 6.470 27.635 11.061 21.983 16.416 37.519 6.279 19.552 32.125 8.365 23.693 15.514 38.887 18.860 3.963 19.463 18.906 0.394 0.835 0.462 0.734 0.541 0.632 0.351 0.839 0.579 0.408 0.792 0.516 0.648 0.338 0.591 0.836 0.581 0.590 1 1 1 1 1 1 1 1 1 1 1 1 1 1 1 1 1 1
17 0.000 0.000 0 6 7.285 0.874 0.800 1 1 1 0 0 0 30 0 -0.700 0 1 2.200 -5.000 0 35.556 7.095 29.802 12.642 24.057 18.329 39.748 5.110 21.488 34.303 9.177 25.741 17.275 41.252 21.067 1.524 21.476 20.903 0.371 0.820 0.435 0.703 0.511 0.599 0.330 0.775 0.549 0.384 0.774 0.487 0.617 0.316 0.555 0.619 0.549 0.558 1 1 1 1 1 1 1 1 1 1 1 1 1 1 1 1 1 1
18 0.000 0.000 0 7 1.749 3.845 1.200 1 1 1 1 0 0 30 0 -0.700 0 1 2.200 -5.000 0 14.571 22.444 11.717 17.668 11.355 13.683 17.726 26.216 12.629 14.038 21.432 11.598 14.898 18.001 10.945 27.056 12.120 12.359 0.666 0.534 0.721 0.611 0.728 0.682 0.610 0.481 0.703 0.676 0.550 0.723 0.660 0.605 0.737 0.470 0.713 0.708 1 1 1 1 1 1 1 1 1 1 1 1 1 1 1 1 1 1
19 1.500 0.000 0 8 3.198 4.502 0.700 1 1 1 0 0 0 30 0 -0.700 0 0 1.500 0.000 0 27.003 14.010 22.120 13.021 17.778 14.473 30.826 16.375 16.369 26.008 14.030 19.147 14.379 31.627 14.799 15.945 16.120 15.786 0.471 0.676 0.539 0.695 0.609 0.668 0.423 0.633 0.633 0.484 0.676 0.586 0.669 0.414 0.662 0.641 0.638 0.644 1 1 1 1 1 1 1 1 1 1 1 1 1 1 1 1 1 1
20 6.000 0.000 0 9 5.155 4.169 1.200 1 1 1 0 0 0 30 0 -0.700 0 0 1.500 0.000 0 31.703 12.087 26.457 13.586 21.483 17.021 35.609 12.983 19.417 30.533 12.618 22.905 16.338 36.663 18.293 11.899 19.390 18.941 0.413 0.714 0.478 0.684 0.549 0.622 0.370 0.696 0.582 0.426 0.703 0.528 0.634 0.359 0.600 0.717 0.582 0.589 1 1 1 1 1 1 1 1 1 1 1 1 1 1 1 1 1 1
21 3.000 0.000 0 10 6.981 3.652 0.700 1 1 1 0 0 0 30 0 -0.702 0 0 1.500 0.000 0 36.158 12.007 30.683 15.605 25.341 20.237 40.209 11.305 23.044 34.974 13.276 26.912 19.372 41.372 22.117 9.118 23.005 22.494 0.363 0.714 0.424 0.646 0.492 0.567 0.324 0.729 0.525 0.376 0.690 0.471 0.581 0.314 0.538 0.775 0.525 0.533 1 1 1 1 1 1 1 1 1 1 1 1 1 1 1 1 1 1
22 3.000 0.000 0 11 7.906 2.705 0.700 1 1 1 0 0 0 30 0 -0.700 0 0 1.500 0.000 0 38.066 11.475 32.439 16.182 26.873 21.417 42.189 9.681 24.404 36.839 13.095 28.494 20.414 43.497 23.699 6.908 24.400 23.854 0.345 0.726 0.404 0.636 0.472 0.550 0.308 0.763 0.506 0.358 0.694 0.451 0.566 0.297 0.516 0.825 0.506 0.514 1 1 1 1 1 1 1 1 1 1 1 1 1 1 1 1 1 1
23 0.000 0.000 1 2 2.303 1.785 1.500 0 0 0 0 0 0 30 0 -0.700 0 0 1.500 0.000 0 5.603 5.603 3.022 3.022 1.624 1.624 7.953 7.953 1.443 4.863 4.863 1.848 1.848 8.001 0.000 8.001 1.445 1.445 1.000 1.000 1.000 1.000 1.000 1.000 1.000 1.000 1.000 1.000 1.000 1.000 1.000 1.000 1.000 1.000 1.000 1.000 1 1 1 1 1 1 1 1 1 1 1 1 1 1 1 1 1 1
24 0.000 0.000 1 3 3.669 2.382 1.500 0 0 0 1 0 0 30 0 -0.700 0 0 1.500 0.000 0 5.603 5.603 3.022 3.022 1.624 1.624 7.953 7.953 1.443 4.863 4.863 1.848 1.848 8.001 0.000 8.001 1.445 1.445 1.000 1.000 1.000 1.000 1.000 1.000 1.000 1.000 1.000 1.000 1.000 1.000 1.000 1.000 1.000 1.000 1.000 1.000 1 1 1 1 1 1 1 1 1 1 1 1 1 1 1 1 1 1
25 0.000 0.000 1 4 5.126 2.190 1.500 0 0 0 0 0 0 30 0 -0.700 0 0 1.500 0.000 0 5.603 5.603 3.022 3.022 1.624 1.624 7.953 7.953 1.443 4.863 4.863 1.848 1.848 8.001 0.000 8.001 1.445 1.445 1.000 1.000 1.000 1.000 1.000 1.000 1.000 1.000 1.000 1.000 1.000 1.000 1.000 1.000 1.000 1.000 1.000 1.000 1 1 1 1 1 1 1 1 1 1 1 1 1 1 1 1 1 1
26 0.000 0.000 1 5 6.415 1.729 0.600 0 0 0 1 0 0 30 0 -0.700 0 0 1.500 0.000 0 5.603 5.603 3.022 3.022 1.624 1.624 7.953 7.953 1.443 4.863 4.863 1.848 1.848 8.001 0.000 8.001 1.445 1.445 1.000 1.000 1.000 1.000 1.000 1.000 1.000 1.000 1.000 1.000 1.000 1.000 1.000 1.000 1.000 1.000 1.000 1.000 1 1 1 1 1 1 1 1 1 1 1 1 1 1 1 1 1 1
27 0.000 -10.000 1 6 7.285 0.874 0.800 0 0 0 0 0 0 30 0 -0.700 0 0 1.500 0.000 0 5.603 5.603 3.022 3.022 1.624 1.624 7.953 7.953 1.443 4.863 4.863 1.848 1.848 8.001 0.000 8.001 1.445 1.445 1.000 1.000 1.000 1.000 1.000 1.000 1.000 1.000 1.000 1.000 1.000 1.000 1.000 1.000 1.000 1.000 1.000 1.000 1 1 1 1 1 1 1 1 1 1 1 1 1 1 1 1 1 1
28 0.000 -10.000 1 7 1.749 3.845 1.200 0 0 0 1 0 0 30 0 -0.700 0 0 1.500 0.000 0 5.603 5.603 3.022 3.022 1.624 1.624 7.953 7.953 1.443 4.863 4.863 1.848 1.848 8.001 0.000 8.001 1.445 1.445 1.000 1.000 1.000 1.000 1.000 1.000 1.000 1.000 1.000 1.000 1.000 1.000 1.000 1.000 1.000 1.000 1.000 1.000 1 1 1 1 1 1 1 1 1 1 1 1 1 1 1 1 1 1
29 0.000 -10.000 1 8 3.198 4.502 0.700 0 0 0 0 0 0 30 0 -0.700 0 0 1.500 0.000 0 5.603 5.603 3.022 3.022 1.624 1.624 7.953 7.953 1.443 4.863 4.863 1.848 1.848 8.001 0.000 8.001 1.445 1.445 1.000 1.000 1.000 1.000 1.000 1.000 1.000 1.000 1.000 1.000 1.000 1.000 1.000 1.000 1.000 1.000 1.000 1.000 1 1 1 1 1 1 1 1 1 1 1 1 1 1 1 1 1 1
30 0.000 -10.000 1 9 5.155 4.169 1.200 0 0 0 1 0 0 30 0 -0.700 0 0 1.500 0.000 0 5.603 5.603 3.022 3.022 1.624 1.624 7.953 7.953 1.443 4.863 4.863 1.848 1.848 8.001 0.000 8.001 1.445 1.445 1.000 1.000 1.000 1.000 1.000 1.000 1.000 1.000 1.000 1.000 1.000 1.000 1.000 1.000 1.000 1.000 1.000 1.000 1 1 1 1 1 1 1 1 1 1 1 1 1 1 1 1 1 1
31 0.000 0.000 1 10 6.981 3.652 0.700 0 0 0 0 0 0 30 0 -0.702 0 0 1.500 0.000 0 11.671 0.000 7.548 0.000 4.041 1.422 15.066 1.251 2.969 10.875 0.273 5.184 1.336 15.399 1.326 0.081 2.734 2.471 0.578 0.696 0.617 0.696 0.653 0.680 0.547 0.682 0.664 0.585 0.693 0.641 0.681 0.544 0.681 0.695 0.666 0.669 1 1 1 1 1 1 1 1 1 1 1 1 1 1 1 1 1 1
32 0.000 0.000 1 11 7.906 2.705 0.700 0 0 0 1 0 0 30 0 -0.700 0 0 1.500 0.000 0 0.138 11.809 0.138 7.686 1.560 4.179 0.995 14.955 2.739 0.000 10.732 1.081 4.984 0.219 1.464 15.537 2.609 2.872 0.696 0.578 0.696 0.617 0.680 0.653 0.687 0.549 0.668 0.697 0.588 0.686 0.644 0.695 0.681 0.544 0.669 0.666 1 1 1 1 1 1 1 1 1 1 1 1 1 1 1 1 1 1
