inputNames 1 Violin1
inputNames 2 Violin2
inputNames 3 Viola
inputNames 4 Cello
inputNames 5 DoubleBass
inputNames 6 Flute
inputNames 7 Clarinet
inputNames 8 Bassoon
inputNames 9 Trumpet
inputNames 10 Trombone
inputNames 11 Marimba_L
inputNames 12 Marimba_R
inputNames 13 Vibraphone
inputNames 14 Drums_L
inputNames 15 Drums_R
inputNames 16 SR_Riser
inputNames 17 Shrines_L
inputNames 18 Shrines_R
inputNames 19 Chorus_Lo
inputNames 20 Chorus_Hi
inputNames 21 Soloists_Card
inputNames 22 Soloists_Shotg
inputNames 23 rvb_orch_1L
inputNames 24 rvb_orch_1R
inputNames 25 rvb_orch_2L
inputNames 26 rvb_orch_2R
inputNames 27 rvb_vx_1L
inputNames 28 rvb_vx_1R
inputNames 29 rvb_vx_2L
inputNames 30 rvb_vx_2R
inputNames 31 Video_L
inputNames 32 Video_R
1 0.000 0.000 0 1 2.303 1.785 1.500 1 1 1 0 0 0 30 0 -0.700 0 0 1.500 0.000 0 14.432 14.432 8.659 8.659 2.886 2.886 18.473 18.473 0.000 12.989 12.989 4.330 4.330 20.256 1.443 20.256 0.289 0.289 0.668 0.668 0.785 0.785 0.923 0.923 0.597 0.597 1.000 0.696 0.696 0.886 0.886 0.568 0.961 0.568 0.992 0.992 1 1 1 1 1 1 1 1 1 1 1 1 1 1 1 1 1 1
2 0.000 0.000 0 1 3.669 2.382 1.500 1 1 1 0 0 0 30 0 -0.700 0 0 1.500 0.000 0 14.432 14.432 8.659 8.659 2.886 2.886 18.473 18.473 0.000 12.989 12.989 4.330 4.330 20.256 1.443 20.256 0.289 0.289 0.668 0.668 0.785 0.785 0.923 0.923 0.597 0.597 1.000 0.696 0.696 0.886 0.886 0.568 0.961 0.568 0.992 0.992 1 1 1 1 1 1 1 1 1 1 1 1 1 1 1 1 1 1
3 0.000 0.000 0 1 5.126 2.190 1.500 1 1 1 0 0 0 30 0 -0.700 0 0 1.500 0.000 0 14.432 14.432 8.659 8.659 2.886 2.886 18.473 18.473 0.000 12.989 12.989 4.330 4.330 20.256 1.443 20.256 0.289 0.289 0.668 0.668 0.785 0.785 0.923 0.923 0.597 0.597 1.000 0.696 0.696 0.886 0.886 0.568 0.961 0.568 0.992 0.992 1 1 1 1 1 1 1 1 1 1 1 1 1 1 1 1 1 1
4 0.000 0.000 0 1 6.415 1.729 0.600 1 1 1 0 0 0 30 0 -0.700 0 0 1.500 0.000 0 14.432 14.432 8.659 8.659 2.886 2.886 18.473 18.473 0.000 12.989 12.989 4.330 4.330 20.256 1.443 20.256 0.289 0.289 0.668 0.668 0.785 0.785 0.923 0.923 0.597 0.597 1.000 0.696 0.696 0.886 0.886 0.568 0.961 0.568 0.992 0.992 1 1 1 1 1 1 1 1 1 1 1 1 1 1 1 1 1 1
5 0.000 0.000 0 1 7.285 0.874 0.800 1 1 1 0 0 0 30 0 -0.700 0 0 1.500 0.000 0 14.432 14.432 8.659 8.659 2.886 2.886 18.473 18.473 0.000 12.989 12.989 4.330 4.330 20.256 1.443 20.256 0.289 0.289 0.668 0.668 0.785 0.785 0.923 0.923 0.597 0.597 1.000 0.696 0.696 0.886 0.886 0.568 0.961 0.568 0.992 0.992 1 1 1 1 1 1 1 1 1 1 1 1 1 1 1 1 1 1
6 0.000 0.000 0 1 1.749 3.845 1.200 1 1 1 0 0 0 30 0 -0.700 0 0 1.500 0.000 0 14.432 14.432 8.659 8.659 2.886 2.886 18.473 18.473 0.000 12.989 12.989 4.330 4.330 20.256 1.443 20.256 0.289 0.289 0.668 0.668 0.785 0.785 0.923 0.923 0.597 0.597 1.000 0.696 0.696 0.886 0.886 0.568 0.961 0.568 0.992 0.992 1 1 1 1 1 1 1 1 1 1 1 1 1 1 1 1 1 1
7 0.000 0.000 0 1 3.198 4.502 0.700 1 1 1 0 0 0 30 0 -0.700 0 0 1.500 0.000 0 14.432 14.432 8.659 8.659 2.886 2.886 18.473 18.473 0.000 12.989 12.989 4.330 4.330 20.256 1.443 20.256 0.289 0.289 0.668 0.668 0.785 0.785 0.923 0.923 0.597 0.597 1.000 0.696 0.696 0.886 0.886 0.568 0.961 0.568 0.992 0.992 1 1 1 1 1 1 1 1 1 1 1 1 1 1 1 1 1 1
8 0.000 0.000 0 1 5.155 4.169 1.200 1 1 1 0 0 0 30 0 -0.700 0 0 1.500 0.000 0 14.432 14.432 8.659 8.659 2.886 2.886 18.473 18.473 0.000 12.989 12.989 4.330 4.330 20.256 1.443 20.256 0.289 0.289 0.668 0.668 0.785 0.785 0.923 0.923 0.597 0.597 1.000 0.696 0.696 0.886 0.886 0.568 0.961 0.568 0.992 0.992 1 1 1 1 1 1 1 1 1 1 1 1 1 1 1 1 1 1
9 0.000 0.000 0 1 6.981 3.652 0.700 1 1 1 0 0 0 30 0 -0.702 0 0 1.500 0.000 0 14.432 14.432 8.659 8.659 2.886 2.886 18.473 18.473 0.000 12.989 12.989 4.330 4.330 20.256 1.443 20.256 0.289 0.289 0.668 0.668 0.785 0.785 0.923 0.923 0.597 0.597 1.000 0.696 0.696 0.886 0.886 0.568 0.961 0.568 0.992 0.992 1 1 1 1 1 1 1 1 1 1 1 1 1 1 1 1 1 1
10 0.000 0.000 0 1 7.906 2.705 0.700 1 1 1 0 0 0 30 0 -0.700 0 0 1.500 0.000 0 14.432 14.432 8.659 8.659 2.886 2.886 18.473 18.473 0.000 12.989 12.989 4.330 4.330 20.256 1.443 20.256 0.289 0.289 0.668 0.668 0.785 0.785 0.923 0.923 0.597 0.597 1.000 0.696 0.696 0.886 0.886 0.568 0.961 0.568 0.992 0.992 1 1 1 1 1 1 1 1 1 1 1 1 1 1 1 1 1 1
11 0.000 0.000 0 1 -0.145 7.980 1.200 1 1 1 0 0 0 30 0 -0.700 0 0 1.500 0.000 0 14.432 14.432 8.659 8.659 2.886 2.886 18.473 18.473 0.000 12.989 12.989 4.330 4.330 20.256 1.443 20.256 0.289 0.289 0.668 0.668 0.785 0.785 0.923 0.923 0.597 0.597 1.000 0.696 0.696 0.886 0.886 0.568 0.961 0.568 0.992 0.992 1 1 1 1 1 1 1 1 1 1 1 1 1 1 1 1 1 1
12 0.000 0.000 0 1 -0.145 7.980 1.200 1 1 1 0 0 0 30 0 -0.700 0 0 1.500 0.000 0 14.432 14.432 8.659 8.659 2.886 2.886 18.473 18.473 0.000 12.989 12.989 4.330 4.330 20.256 1.443 20.256 0.289 0.289 0.668 0.668 0.785 0.785 0.923 0.923 0.597 0.597 1.000 0.696 0.696 0.886 0.886 0.568 0.961 0.568 0.992 0.992 1 1 1 1 1 1 1 1 1 1 1 1 1 1 1 1 1 1
13 0.000 0.000 0 1 5.498 7.545 1.100 1 1 1 0 0 0 30 0 -0.700 0 0 1.500 0.000 0 14.432 14.432 8.659 8.659 2.886 2.886 18.473 18.473 0.000 12.989 12.989 4.330 4.330 20.256 1.443 20.256 0.289 0.289 0.668 0.668 0.785 0.785 0.923 0.923 0.597 0.597 1.000 0.696 0.696 0.886 0.886 0.568 0.961 0.568 0.992 0.992 1 1 1 1 1 1 1 1 1 1 1 1 1 1 1 1 1 1
14 0.000 0.000 0 1 7.594 5.907 1.300 1 1 1 0 0 0 30 0 -0.700 0 0 1.500 0.000 0 14.432 14.432 8.659 8.659 2.886 2.886 18.473 18.473 0.000 12.989 12.989 4.330 4.330 20.256 1.443 20.256 0.289 0.289 0.668 0.668 0.785 0.785 0.923 0.923 0.597 0.597 1.000 0.696 0.696 0.886 0.886 0.568 0.961 0.568 0.992 0.992 1 1 1 1 1 1 1 1 1 1 1 1 1 1 1 1 1 1
15 0.000 0.000 0 1 7.594 5.907 1.300 1 1 1 0 0 0 30 0 -0.700 0 0 1.500 0.000 0 14.432 14.432 8.659 8.659 2.886 2.886 18.473 18.473 0.000 12.989 12.989 4.330 4.330 20.256 1.443 20.256 0.289 0.289 0.668 0.668 0.785 0.785 0.923 0.923 0.597 0.597 1.000 0.696 0.696 0.886 0.886 0.568 0.961 0.568 0.992 0.992 1 1 1 1 1 1 1 1 1 1 1 1 1 1 1 1 1 1
16 0.000 0.000 0 1 -3.980 0.563 1.000 1 1 1 0 0 0 30 0 -0.700 0 1 2.700 -10.000 3 14.432 14.432 8.659 8.659 2.886 2.886 18.473 18.473 0.000 12.989 12.989 4.330 4.330 20.256 1.443 20.256 0.289 0.289 0.668 0.668 0.785 0.785 0.923 0.923 0.597 0.597 1.000 0.696 0.696 0.886 0.886 0.568 0.961 0.568 0.992 0.992 1 1 1 1 1 1 1 1 1 1 1 1 1 1 1 1 1 1
17 0.000 0.000 0 1 -3.323 0.000 0.400 1 1 1 0 0 0 0 0 -0.700 0 1 2.200 -5.000 0 14.432 14.432 8.659 8.659 2.886 2.886 18.473 18.473 0.000 12.989 12.989 4.330 4.330 20.256 1.443 20.256 0.289 0.289 0.668 0.668 0.785 0.785 0.923 0.923 0.597 0.597 1.000 0.696 0.696 0.886 0.886 0.568 0.961 0.568 0.992 0.992 1 1 1 1 1 1 1 1 1 1 1 1 1 1 1 1 1 1
18 0.000 0.000 0 1 -3.323 0.000 0.400 1 1 1 1 0 0 0 0 -0.700 0 1 2.200 -5.000 0 14.432 14.432 8.659 8.659 2.886 2.886 18.473 18.473 0.000 12.989 12.989 4.330 4.330 20.256 1.443 20.256 0.289 0.289 0.668 0.668 0.785 0.785 0.923 0.923 0.597 0.597 1.000 0.696 0.696 0.886 0.886 0.568 0.961 0.568 0.992 0.992 1 1 1 1 1 1 1 1 1 1 1 1 1 1 1 1 1 1
19 1.500 0.000 0 1 -2.551 2.277 1.300 1 1 1 0 0 0 0 0 -0.700 0 0 1.500 0.000 0 14.432 14.432 8.659 8.659 2.886 2.886 18.473 18.473 0.000 12.989 12.989 4.330 4.330 20.256 1.443 20.256 0.289 0.289 0.668 0.668 0.785 0.785 0.923 0.923 0.597 0.597 1.000 0.696 0.696 0.886 0.886 0.568 0.961 0.568 0.992 0.992 1 1 1 1 1 1 1 1 1 1 1 1 1 1 1 1 1 1
20 6.000 0.000 0 1 -3.204 3.352 1.300 1 1 1 0 0 0 0 0 -0.700 0 0 1.500 0.000 0 14.432 14.432 8.659 8.659 2.886 2.886 18.473 18.473 0.000 12.989 12.989 4.330 4.330 20.256 1.443 20.256 0.289 0.289 0.668 0.668 0.785 0.785 0.923 0.923 0.597 0.597 1.000 0.696 0.696 0.886 0.886 0.568 0.961 0.568 0.992 0.992 1 1 1 1 1 1 1 1 1 1 1 1 1 1 1 1 1 1
21 3.000 0.000 0 1 0.000 2.200 2.100 1 1 1 0 0 0 0 0 -0.700 0 0 1.500 0.000 0 14.432 14.432 8.659 8.659 2.886 2.886 18.473 18.473 0.000 12.989 12.989 4.330 4.330 20.256 1.443 20.256 0.289 0.289 0.668 0.668 0.785 0.785 0.923 0.923 0.597 0.597 1.000 0.696 0.696 0.886 0.886 0.568 0.961 0.568 0.992 0.992 1 1 1 1 1 1 1 1 1 1 1 1 1 1 1 1 1 1
22 3.000 0.000 0 1 0.000 2.200 2.100 1 1 1 0 0 0 0 0 -0.700 0 0 1.500 0.000 0 14.432 14.432 8.659 8.659 2.886 2.886 18.473 18.473 0.000 12.989 12.989 4.330 4.330 20.256 1.443 20.256 0.289 0.289 0.668 0.668 0.785 0.785 0.923 0.923 0.597 0.597 1.000 0.696 0.696 0.886 0.886 0.568 0.961 0.568 0.992 0.992 1 1 1 1 1 1 1 1 1 1 1 1 1 1 1 1 1 1
23 0.000 0.000 1 1 0.000 7.953 0.000 0 0 0 0 0 0 0 0 0.000 0 0 1.500 0.000 0 14.432 14.432 8.659 8.659 2.886 2.886 18.473 18.473 0.000 12.989 12.989 4.330 4.330 20.256 1.443 20.256 0.289 0.289 0.668 0.668 0.785 0.785 0.923 0.923 0.597 0.597 1.000 0.696 0.696 0.886 0.886 0.568 0.961 0.568 0.992 0.992 1 1 1 1 1 1 1 1 1 1 1 1 1 1 1 1 1 1
24 0.000 0.000 1 1 0.000 7.953 0.000 0 0 0 1 0 0 0 0 0.000 0 0 1.500 0.000 0 14.432 14.432 8.659 8.659 2.886 2.886 18.473 18.473 0.000 12.989 12.989 4.330 4.330 20.256 1.443 20.256 0.289 0.289 0.668 0.668 0.785 0.785 0.923 0.923 0.597 0.597 1.000 0.696 0.696 0.886 0.886 0.568 0.961 0.568 0.992 0.992 1 1 1 1 1 1 1 1 1 1 1 1 1 1 1 1 1 1
25 0.000 0.000 1 1 0.000 7.953 0.000 0 0 0 0 0 0 0 0 0.000 0 0 1.500 0.000 0 14.432 14.432 8.659 8.659 2.886 2.886 18.473 18.473 0.000 12.989 12.989 4.330 4.330 20.256 1.443 20.256 0.289 0.289 0.668 0.668 0.785 0.785 0.923 0.923 0.597 0.597 1.000 0.696 0.696 0.886 0.886 0.568 0.961 0.568 0.992 0.992 1 1 1 1 1 1 1 1 1 1 1 1 1 1 1 1 1 1
26 0.000 0.000 1 1 0.000 7.953 0.000 0 0 0 1 0 0 0 0 0.000 0 0 1.500 0.000 0 14.432 14.432 8.659 8.659 2.886 2.886 18.473 18.473 0.000 12.989 12.989 4.330 4.330 20.256 1.443 20.256 0.289 0.289 0.668 0.668 0.785 0.785 0.923 0.923 0.597 0.597 1.000 0.696 0.696 0.886 0.886 0.568 0.961 0.568 0.992 0.992 1 1 1 1 1 1 1 1 1 1 1 1 1 1 1 1 1 1
27 0.000 -10.000 1 1 0.000 7.953 0.000 0 0 0 0 0 0 0 0 0.000 0 0 1.500 0.000 0 14.432 14.432 8.659 8.659 2.886 2.886 18.473 18.473 0.000 12.989 12.989 4.330 4.330 20.256 1.443 20.256 0.289 0.289 0.668 0.668 0.785 0.785 0.923 0.923 0.597 0.597 1.000 0.696 0.696 0.886 0.886 0.568 0.961 0.568 0.992 0.992 1 1 1 1 1 1 1 1 1 1 1 1 1 1 1 1 1 1
28 0.000 -10.000 1 1 0.000 7.953 0.000 0 0 0 1 0 0 0 0 0.000 0 0 1.500 0.000 0 14.432 14.432 8.659 8.659 2.886 2.886 18.473 18.473 0.000 12.989 12.989 4.330 4.330 20.256 1.443 20.256 0.289 0.289 0.668 0.668 0.785 0.785 0.923 0.923 0.597 0.597 1.000 0.696 0.696 0.886 0.886 0.568 0.961 0.568 0.992 0.992 1 1 1 1 1 1 1 1 1 1 1 1 1 1 1 1 1 1
29 0.000 -10.000 1 1 0.000 7.953 0.000 0 0 0 0 0 0 0 0 0.000 0 0 1.500 0.000 0 14.432 14.432 8.659 8.659 2.886 2.886 18.473 18.473 0.000 12.989 12.989 4.330 4.330 20.256 1.443 20.256 0.289 0.289 0.668 0.668 0.785 0.785 0.923 0.923 0.597 0.597 1.000 0.696 0.696 0.886 0.886 0.568 0.961 0.568 0.992 0.992 1 1 1 1 1 1 1 1 1 1 1 1 1 1 1 1 1 1
30 0.000 -10.000 1 1 0.000 7.953 0.000 0 0 0 1 0 0 0 0 0.000 0 0 1.500 0.000 0 14.432 14.432 8.659 8.659 2.886 2.886 18.473 18.473 0.000 12.989 12.989 4.330 4.330 20.256 1.443 20.256 0.289 0.289 0.668 0.668 0.785 0.785 0.923 0.923 0.597 0.597 1.000 0.696 0.696 0.886 0.886 0.568 0.961 0.568 0.992 0.992 1 1 1 1 1 1 1 1 1 1 1 1 1 1 1 1 1 1
31 0.000 0.000 1 1 4.000 7.807 0.000 0 0 0 0 0 0 30 0 -0.400 0 0 1.500 0.000 0 14.432 14.432 8.659 8.659 2.886 2.886 18.473 18.473 0.000 12.989 12.989 4.330 4.330 20.256 1.443 20.256 0.289 0.289 0.668 0.668 0.785 0.785 0.923 0.923 0.597 0.597 1.000 0.696 0.696 0.886 0.886 0.568 0.961 0.568 0.992 0.992 1 1 1 1 1 1 1 1 1 1 1 1 1 1 1 1 1 1
32 0.000 0.000 1 1 4.000 7.807 0.000 0 0 0 1 0 0 0 0 -0.400 0 0 1.500 0.000 0 14.432 14.432 8.659 8.659 2.886 2.886 18.473 18.473 0.000 12.989 12.989 4.330 4.330 20.256 1.443 20.256 0.289 0.289 0.668 0.668 0.785 0.785 0.923 0.923 0.597 0.597 1.000 0.696 0.696 0.886 0.886 0.568 0.961 0.568 0.992 0.992 1 1 1 1 1 1 1 1 1 1 1 1 1 1 1 1 1 1
