inputNames 1 GC
inputNames 2 CC
inputNames 3 OH
inputNames 4 Ordi_L
inputNames 5 Ordi_R
inputNames 6 Wurlitzer
inputNames 7 LoneKent_L
inputNames 8 LoneKent_R
inputNames 9 Gtr_1
inputNames 10 Gtr_2
inputNames 11 Gtr_3
inputNames 12 Gtr_4
inputNames 13 BeatBox_L
inputNames 14 BeatBox_R
inputNames 15 Cajon
inputNames 16 OrdiDavid_L
inputNames 17 OrdiDavid_R
inputNames 18 Sax
inputNames 19 Vx_Eric
inputNames 20 Vx_LoneKent
inputNames 21 Rvb_1
inputNames 22 Rvb_2
inputNames 23 input_23
inputNames 24 input_24
inputOffset 1 0.000 0.000 0.000
inputJitter 1 0.000
inputLFO 1 0 1.000 0 0 1.000 0 0 1.000 0 0 1.000 0
1 0.000 0.000 0 11 -0.000 1.443 4.076 1 1 1 0 0 0 37 0.000 -0.700 360 0 0.000 0 0 1.500 0.000 0 14.559 14.559 8.736 8.736 2.912 2.912 18.636 18.636 0.000 13.103 13.103 4.368 4.368 20.435 1.456 20.435 0.291 0.291 0.000 0.000 0.000 0.000 0.000 0.000 0.000 0.000 0.000 0.000 0.000 0.000 0.000 0.000 0.000 0.000 0.000 0.000 0.972 0.972 0.983 0.983 0.994 0.994 0.964 0.964 1.000 0.974 0.974 0.991 0.991 1.000 1.000 1.000 1.000 1.000 1 1 1 1 1 1 1 1 1 1 1 1 1 1 1 1 1 1
inputOffset 2 0.000 0.000 0.000
inputJitter 2 0.000
inputLFO 2 0 1.000 0 0 1.000 0 0 1.000 0 0 1.000 0
2 0.000 0.000 0 11 -0.000 1.443 4.076 1 1 1 0 0 0 37 0.000 -0.700 360 0 0.000 0 0 1.500 0.000 0 14.559 14.559 8.736 8.736 2.912 2.912 18.636 18.636 0.000 13.103 13.103 4.368 4.368 20.435 1.456 20.435 0.291 0.291 0.000 0.000 0.000 0.000 0.000 0.000 0.000 0.000 0.000 0.000 0.000 0.000 0.000 0.000 0.000 0.000 0.000 0.000 0.972 0.972 0.983 0.983 0.994 0.994 0.964 0.964 1.000 0.974 0.974 0.991 0.991 1.000 1.000 1.000 1.000 1.000 1 1 1 1 1 1 1 1 1 1 1 1 1 1 1 1 1 1
inputOffset 3 0.000 0.000 0.000
inputJitter 3 0.000
inputLFO 3 0 1.000 0 0 1.000 0 0 1.000 0 0 1.000 0
3 0.000 0.000 0 11 -0.000 1.443 4.076 1 1 1 0 0 0 37 0.000 -0.700 360 0 0.000 0 0 1.500 0.000 0 14.559 14.559 8.736 8.736 2.912 2.912 18.636 18.636 0.000 13.103 13.103 4.368 4.368 20.435 1.456 20.435 0.291 0.291 0.000 0.000 0.000 0.000 0.000 0.000 0.000 0.000 0.000 0.000 0.000 0.000 0.000 0.000 0.000 0.000 0.000 0.000 0.972 0.972 0.983 0.983 0.994 0.994 0.964 0.964 1.000 0.974 0.974 0.991 0.991 1.000 1.000 1.000 1.000 1.000 1 1 1 1 1 1 1 1 1 1 1 1 1 1 1 1 1 1
inputOffset 4 0.000 0.000 0.000
inputJitter 4 0.000
inputLFO 4 0 1.000 0 0 1.000 0 0 1.000 0 0 1.000 0
4 0.000 0.000 0 2 -4.207 1.478 2.065 1 1 1 1 0 0 34 0.000 -1.031 360 0 0.000 0 0 1.500 0.000 0 14.559 14.559 8.736 8.736 2.912 2.912 18.636 18.636 0.000 13.103 13.103 4.368 4.368 20.435 1.456 20.435 0.291 0.291 0.000 0.000 0.000 0.000 0.000 0.000 0.000 0.000 0.000 0.000 0.000 0.000 0.000 0.000 0.000 0.000 0.000 0.000 0.972 0.972 0.983 0.983 0.994 0.994 0.964 0.964 1.000 0.974 0.974 0.991 0.991 1.000 1.000 1.000 1.000 1.000 1 1 1 1 1 1 1 1 1 1 1 1 1 1 1 1 1 1
inputOffset 5 0.000 0.000 0.000
inputJitter 5 0.000
inputLFO 5 0 1.000 0 0 1.000 0 0 1.000 0 0 1.000 0
5 0.000 0.000 0 2 -4.207 1.478 2.065 1 1 1 0 0 0 34 0.000 -1.031 360 0 0.000 0 0 1.500 0.000 0 14.559 14.559 8.736 8.736 2.912 2.912 18.636 18.636 0.000 13.103 13.103 4.368 4.368 20.435 1.456 20.435 0.291 0.291 0.000 0.000 0.000 0.000 0.000 0.000 0.000 0.000 0.000 0.000 0.000 0.000 0.000 0.000 0.000 0.000 0.000 0.000 0.972 0.972 0.983 0.983 0.994 0.994 0.964 0.964 1.000 0.974 0.974 0.991 0.991 1.000 1.000 1.000 1.000 1.000 1 1 1 1 1 1 1 1 1 1 1 1 1 1 1 1 1 1
inputOffset 6 0.000 0.000 0.000
inputJitter 6 0.000
inputLFO 6 0 1.000 0 0 1.000 0 0 1.000 0 0 1.000 0
6 0.000 0.000 0 3 -2.334 3.570 1.377 1 1 1 0 0 0 39 0.000 -0.700 360 0 0.000 0 0 1.500 0.000 0 14.559 14.559 8.736 8.736 2.912 2.912 18.636 18.636 0.000 13.103 13.103 4.368 4.368 20.435 1.456 20.435 0.291 0.291 0.000 0.000 0.000 0.000 0.000 0.000 0.000 0.000 0.000 0.000 0.000 0.000 0.000 0.000 0.000 0.000 0.000 0.000 0.972 0.972 0.983 0.983 0.994 0.994 0.964 0.964 1.000 0.974 0.974 0.991 0.991 1.000 1.000 1.000 1.000 1.000 1 1 1 1 1 1 1 1 1 1 1 1 1 1 1 1 1 1
inputOffset 7 0.000 0.000 0.000
inputJitter 7 0.000
inputLFO 7 0 1.000 0 0 1.000 0 0 1.000 0 0 1.000 0
7 0.000 0.000 0 4 -3.423 5.144 1.486 1 1 1 0 0 0 40 0.000 -0.700 360 0 0.000 0 0 1.500 0.000 0 14.559 14.559 8.736 8.736 2.912 2.912 18.636 18.636 0.000 13.103 13.103 4.368 4.368 20.435 1.456 20.435 0.291 0.291 0.000 0.000 0.000 0.000 0.000 0.000 0.000 0.000 0.000 0.000 0.000 0.000 0.000 0.000 0.000 0.000 0.000 0.000 0.972 0.972 0.983 0.983 0.994 0.994 0.964 0.964 1.000 0.974 0.974 0.991 0.991 1.000 1.000 1.000 1.000 1.000 1 1 1 1 1 1 1 1 1 1 1 1 1 1 1 1 1 1
inputOffset 8 0.000 0.000 0.000
inputJitter 8 0.000
inputLFO 8 0 1.000 0 0 1.000 0 0 1.000 0 0 1.000 0
8 0.000 0.000 0 4 -3.423 5.144 1.486 1 1 1 0 0 0 40 0.000 -0.700 360 0 0.000 0 0 1.500 0.000 0 14.559 14.559 8.736 8.736 2.912 2.912 18.636 18.636 0.000 13.103 13.103 4.368 4.368 20.435 1.456 20.435 0.291 0.291 0.000 0.000 0.000 0.000 0.000 0.000 0.000 0.000 0.000 0.000 0.000 0.000 0.000 0.000 0.000 0.000 0.000 0.000 0.972 0.972 0.983 0.983 0.994 0.994 0.964 0.964 1.000 0.974 0.974 0.991 0.991 1.000 1.000 1.000 1.000 1.000 1 1 1 1 1 1 1 1 1 1 1 1 1 1 1 1 1 1
inputOffset 9 0.000 0.000 0.000
inputJitter 9 0.000
inputLFO 9 0 1.000 0 0 1.000 0 0 1.000 0 0 1.000 0
9 0.000 0.000 0 5 -4.307 7.579 2.572 1 1 1 0 0 0 39 0.000 -0.700 360 0 0.000 0 0 1.500 0.000 0 14.559 14.559 8.736 8.736 2.912 2.912 18.636 18.636 0.000 13.103 13.103 4.368 4.368 20.435 1.456 20.435 0.291 0.291 0.000 0.000 0.000 0.000 0.000 0.000 0.000 0.000 0.000 0.000 0.000 0.000 0.000 0.000 0.000 0.000 0.000 0.000 0.972 0.972 0.983 0.983 0.994 0.994 0.964 0.964 1.000 0.974 0.974 0.991 0.991 1.000 1.000 1.000 1.000 1.000 1 1 1 1 1 1 1 1 1 1 1 1 1 1 1 1 1 1
inputOffset 10 0.000 0.000 0.000
inputJitter 10 0.000
inputLFO 10 0 1.000 0 0 1.000 0 0 1.000 0 0 1.000 0
10 0.000 0.000 0 6 -1.666 7.638 2.536 1 1 1 0 0 0 38 0.000 -0.700 360 0 0.000 0 0 1.500 0.000 0 14.559 14.559 8.736 8.736 2.912 2.912 18.636 18.636 0.000 13.103 13.103 4.368 4.368 20.435 1.456 20.435 0.291 0.291 0.000 0.000 0.000 0.000 0.000 0.000 0.000 0.000 0.000 0.000 0.000 0.000 0.000 0.000 0.000 0.000 0.000 0.000 0.972 0.972 0.983 0.983 0.994 0.994 0.964 0.964 1.000 0.974 0.974 0.991 0.991 1.000 1.000 1.000 1.000 1.000 1 1 1 1 1 1 1 1 1 1 1 1 1 1 1 1 1 1
inputOffset 11 0.000 0.000 0.000
inputJitter 11 0.000
inputLFO 11 0 1.000 0 0 1.000 0 0 1.000 0 0 1.000 0
11 0.000 0.000 0 7 1.424 7.527 2.518 1 1 1 0 0 0 38 0.000 -0.700 360 0 0.000 0 0 1.500 0.000 0 14.559 14.559 8.736 8.736 2.912 2.912 18.636 18.636 0.000 13.103 13.103 4.368 4.368 20.435 1.456 20.435 0.291 0.291 0.000 0.000 0.000 0.000 0.000 0.000 0.000 0.000 0.000 0.000 0.000 0.000 0.000 0.000 0.000 0.000 0.000 0.000 0.972 0.972 0.983 0.983 0.994 0.994 0.964 0.964 1.000 0.974 0.974 0.991 0.991 1.000 1.000 1.000 1.000 1.000 1 1 1 1 1 1 1 1 1 1 1 1 1 1 1 1 1 1
inputOffset 12 0.000 0.000 0.000
inputJitter 12 0.000
inputLFO 12 0 1.000 0 0 1.000 0 0 1.000 0 0 1.000 0
12 0.000 0.000 0 8 4.415 7.245 2.500 1 1 1 0 0 0 38 0.000 -0.700 360 0 0.000 0 0 1.500 0.000 0 14.559 14.559 8.736 8.736 2.912 2.912 18.636 18.636 0.000 13.103 13.103 4.368 4.368 20.435 1.456 20.435 0.291 0.291 0.000 0.000 0.000 0.000 0.000 0.000 0.000 0.000 0.000 0.000 0.000 0.000 0.000 0.000 0.000 0.000 0.000 0.000 0.972 0.972 0.983 0.983 0.994 0.994 0.964 0.964 1.000 0.974 0.974 0.991 0.991 1.000 1.000 1.000 1.000 1.000 1 1 1 1 1 1 1 1 1 1 1 1 1 1 1 1 1 1
inputOffset 13 0.000 0.000 0.000
inputJitter 13 0.000
inputLFO 13 0 1.000 0 0 1.000 0 0 1.000 0 0 1.000 0
13 0.000 0.000 0 9 1.677 4.651 1.993 1 1 1 0 0 0 39 0.000 -1.101 360 0 0.000 0 0 1.500 0.000 0 14.559 14.559 8.736 8.736 2.912 2.912 18.636 18.636 0.000 13.103 13.103 4.368 4.368 20.435 1.456 20.435 0.291 0.291 0.000 0.000 0.000 0.000 0.000 0.000 0.000 0.000 0.000 0.000 0.000 0.000 0.000 0.000 0.000 0.000 0.000 0.000 0.972 0.972 0.983 0.983 0.994 0.994 0.964 0.964 1.000 0.974 0.974 0.991 0.991 1.000 1.000 1.000 1.000 1.000 1 1 1 1 1 1 1 1 1 1 1 1 1 1 1 1 1 1
inputOffset 14 0.000 0.000 0.000
inputJitter 14 0.000
inputLFO 14 0 1.000 0 0 1.000 0 0 1.000 0 0 1.000 0
14 0.000 0.000 0 9 1.677 4.651 1.993 1 1 1 1 0 0 39 0.000 -1.101 360 0 0.000 0 0 1.500 0.000 0 14.559 14.559 8.736 8.736 2.912 2.912 18.636 18.636 0.000 13.103 13.103 4.368 4.368 20.435 1.456 20.435 0.291 0.291 0.000 0.000 0.000 0.000 0.000 0.000 0.000 0.000 0.000 0.000 0.000 0.000 0.000 0.000 0.000 0.000 0.000 0.000 0.972 0.972 0.983 0.983 0.994 0.994 0.964 0.964 1.000 0.974 0.974 0.991 0.991 1.000 1.000 1.000 1.000 1.000 1 1 1 1 1 1 1 1 1 1 1 1 1 1 1 1 1 1
inputOffset 15 0.000 0.000 0.000
inputJitter 15 0.000
inputLFO 15 0 1.000 0 0 1.000 0 0 1.000 0 0 1.000 0
15 0.000 0.000 0 11 -0.000 1.443 4.076 1 1 1 0 0 0 37 0.000 -0.700 360 0 0.000 0 0 1.500 0.000 0 14.559 14.559 8.736 8.736 2.912 2.912 18.636 18.636 0.000 13.103 13.103 4.368 4.368 20.435 1.456 20.435 0.291 0.291 0.000 0.000 0.000 0.000 0.000 0.000 0.000 0.000 0.000 0.000 0.000 0.000 0.000 0.000 0.000 0.000 0.000 0.000 0.972 0.972 0.983 0.983 0.994 0.994 0.964 0.964 1.000 0.974 0.974 0.991 0.991 1.000 1.000 1.000 1.000 1.000 1 1 1 1 1 1 1 1 1 1 1 1 1 1 1 1 1 1
inputOffset 16 0.000 0.000 0.000
inputJitter 16 0.000
inputLFO 16 0 1.000 0 0 1.000 0 0 1.000 0 0 1.000 0
16 0.000 0.000 0 10 3.323 2.383 1.232 1 1 1 0 0 0 39 0.000 -1.101 360 0 0.000 0 0 2.900 -4.000 0 14.559 14.559 8.736 8.736 2.912 2.912 18.636 18.636 0.000 13.103 13.103 4.368 4.368 20.435 1.456 20.435 0.291 0.291 0.000 0.000 0.000 0.000 0.000 0.000 0.000 0.000 0.000 0.000 0.000 0.000 0.000 0.000 0.000 0.000 0.000 0.000 0.972 0.972 0.983 0.983 0.994 0.994 0.964 0.964 1.000 0.974 0.974 0.991 0.991 1.000 1.000 1.000 1.000 1.000 1 1 1 1 1 1 1 1 1 1 1 1 1 1 1 1 1 1
inputOffset 17 0.000 0.000 0.000
inputJitter 17 0.000
inputLFO 17 0 1.000 0 0 1.000 0 0 1.000 0 0 1.000 0
17 0.000 0.000 0 10 3.323 2.383 1.232 1 1 1 0 0 0 39 0.000 -1.101 360 0 0.000 0 0 3.000 -5.000 0 14.559 14.559 8.736 8.736 2.912 2.912 18.636 18.636 0.000 13.103 13.103 4.368 4.368 20.435 1.456 20.435 0.291 0.291 0.000 0.000 0.000 0.000 0.000 0.000 0.000 0.000 0.000 0.000 0.000 0.000 0.000 0.000 0.000 0.000 0.000 0.000 0.972 0.972 0.983 0.983 0.994 0.994 0.964 0.964 1.000 0.974 0.974 0.991 0.991 1.000 1.000 1.000 1.000 1.000 1 1 1 1 1 1 1 1 1 1 1 1 1 1 1 1 1 1
inputOffset 18 0.000 0.000 0.000
inputJitter 18 0.000
inputLFO 18 0 1.000 0 0 1.000 0 0 1.000 0 0 1.000 0
18 0.000 0.000 0 10 3.323 2.383 1.232 1 1 1 0 0 0 39 0.000 -1.101 360 0 0.000 0 0 3.000 -5.000 0 14.559 14.559 8.736 8.736 2.912 2.912 18.636 18.636 0.000 13.103 13.103 4.368 4.368 20.435 1.456 20.435 0.291 0.291 0.000 0.000 0.000 0.000 0.000 0.000 0.000 0.000 0.000 0.000 0.000 0.000 0.000 0.000 0.000 0.000 0.000 0.000 0.972 0.972 0.983 0.983 0.994 0.994 0.964 0.964 1.000 0.974 0.974 0.991 0.991 1.000 1.000 1.000 1.000 1.000 1 1 1 1 1 1 1 1 1 1 1 1 1 1 1 1 1 1
inputOffset 19 0.000 0.000 0.000
inputJitter 19 0.000
inputLFO 19 0 1.000 0 0 1.000 0 0 1.000 0 0 1.000 0
19 0.000 0.000 0 11 -0.000 1.443 4.076 1 1 1 0 0 0 37 0.000 -0.700 360 0 0.000 0 0 1.500 0.000 0 14.559 14.559 8.736 8.736 2.912 2.912 18.636 18.636 0.000 13.103 13.103 4.368 4.368 20.435 1.456 20.435 0.291 0.291 0.000 0.000 0.000 0.000 0.000 0.000 0.000 0.000 0.000 0.000 0.000 0.000 0.000 0.000 0.000 0.000 0.000 0.000 0.972 0.972 0.983 0.983 0.994 0.994 0.964 0.964 1.000 0.974 0.974 0.991 0.991 1.000 1.000 1.000 1.000 1.000 1 1 1 1 1 1 1 1 1 1 1 1 1 1 1 1 1 1
inputOffset 20 0.000 0.000 0.000
inputJitter 20 0.000
inputLFO 20 0 1.000 0 0 1.000 0 0 1.000 0 0 1.000 0
20 0.000 0.000 0 4 -3.423 5.144 1.486 1 1 1 0 0 0 40 0.000 -0.700 360 0 0.000 0 0 1.500 0.000 0 14.559 14.559 8.736 8.736 2.912 2.912 18.636 18.636 0.000 13.103 13.103 4.368 4.368 20.435 1.456 20.435 0.291 0.291 0.000 0.000 0.000 0.000 0.000 0.000 0.000 0.000 0.000 0.000 0.000 0.000 0.000 0.000 0.000 0.000 0.000 0.000 0.972 0.972 0.983 0.983 0.994 0.994 0.964 0.964 1.000 0.974 0.974 0.991 0.991 1.000 1.000 1.000 1.000 1.000 1 1 1 1 1 1 1 1 1 1 1 1 1 1 1 1 1 1
inputOffset 21 0.000 0.000 0.000
inputJitter 21 0.000
inputLFO 21 0 1.000 0 0 1.000 0 0 1.000 0 0 1.000 0
21 0.000 0.000 0 1 0.000 10.000 0.000 0 0 0 0 0 0 0 0.000 -1.000 360 0 0.000 0 0 1.500 0.000 0 14.559 14.559 8.736 8.736 2.912 2.912 18.636 18.636 0.000 13.103 13.103 4.368 4.368 20.435 1.456 20.435 0.291 0.291 0.000 0.000 0.000 0.000 0.000 0.000 0.000 0.000 0.000 0.000 0.000 0.000 0.000 0.000 0.000 0.000 0.000 0.000 0.972 0.972 0.983 0.983 0.994 0.994 0.964 0.964 1.000 0.974 0.974 0.991 0.991 1.000 1.000 1.000 1.000 1.000 1 1 1 1 1 1 1 1 1 1 1 1 1 1 1 1 1 1
inputOffset 22 0.000 0.000 0.000
inputJitter 22 0.000
inputLFO 22 0 1.000 0 0 1.000 0 0 1.000 0 0 1.000 0
22 0.000 0.000 0 1 0.000 10.000 0.000 0 0 0 0 0 0 0 0.000 -1.000 360 0 0.000 0 0 1.500 0.000 0 14.559 14.559 8.736 8.736 2.912 2.912 18.636 18.636 0.000 13.103 13.103 4.368 4.368 20.435 1.456 20.435 0.291 0.291 0.000 0.000 0.000 0.000 0.000 0.000 0.000 0.000 0.000 0.000 0.000 0.000 0.000 0.000 0.000 0.000 0.000 0.000 0.972 0.972 0.983 0.983 0.994 0.994 0.964 0.964 1.000 0.974 0.974 0.991 0.991 1.000 1.000 1.000 1.000 1.000 1 1 1 1 1 1 1 1 1 1 1 1 1 1 1 1 1 1
inputOffset 23 0.000 0.000 0.000
inputJitter 23 0.000
inputLFO 23 0 1.000 0 0 1.000 0 0 1.000 0 0 1.000 0
23 0.000 0.000 0 1 0.000 8.000 0.000 1 1 1 0 0 0 0 0.000 0.000 360 0 0.000 0 0 1.500 0.000 0 14.559 14.559 8.736 8.736 2.912 2.912 18.636 18.636 0.000 13.103 13.103 4.368 4.368 20.435 1.456 20.435 0.291 0.291 0.000 0.000 0.000 0.000 0.000 0.000 0.000 0.000 0.000 0.000 0.000 0.000 0.000 0.000 0.000 0.000 0.000 0.000 0.972 0.972 0.983 0.983 0.994 0.994 0.964 0.964 1.000 0.974 0.974 0.991 0.991 1.000 1.000 1.000 1.000 1.000 1 1 1 1 1 1 1 1 1 1 1 1 1 1 1 1 1 1
inputOffset 24 0.000 0.000 0.000
inputJitter 24 0.000
inputLFO 24 0 1.000 0 0 1.000 0 0 1.000 0 0 1.000 0
24 0.000 0.000 0 1 0.000 8.000 0.000 1 1 1 0 0 0 0 0.000 -0.000 360 0 0.000 0 0 1.500 0.000 0 14.559 14.559 8.736 8.736 2.912 2.912 18.636 18.636 0.000 13.103 13.103 4.368 4.368 20.435 1.456 20.435 0.291 0.291 0.000 0.000 0.000 0.000 0.000 0.000 0.000 0.000 0.000 0.000 0.000 0.000 0.000 0.000 0.000 0.000 0.000 0.000 0.972 0.972 0.983 0.983 0.994 0.994 0.964 0.964 1.000 0.974 0.974 0.991 0.991 1.000 1.000 1.000 1.000 1.000 1 1 1 1 1 1 1 1 1 1 1 1 1 1 1 1 1 1
