param 13
outputNames 1 FF_1
outputNames 2 FF_2
outputNames 3 FF_3
outputNames 4 FF_4
outputNames 5 FF_5
outputNames 6 FF_6
outputNames 7 FF_7
outputNames 8 FF_8
outputNames 9 FF_9
outputNames 10 FF_10
outputNames 11 FF_11
outputNames 12 FF_12
outputNames 13 FF_13
outputNames 14 FF_14
outputNames 15 FF_15
outputNames 16 FF_16
outputNames 17 FF_17
outputNames 18 FF_18
outputNames 19 FF_19
outputNames 20 FF_20
outputNames 21 FF_21
outputNames 22 FF_22
outputNames 23 FF_23
outputNames 24 FF_24
outputNames 25 Main_1
outputNames 26 Main_2
outputNames 27 Main_3
outputNames 28 Main_4
outputNames 29 Main_5
outputNames 30 Main_6
outputNames 31 Main_7
outputNames 32 Main_8
outputNames 33 Main_9
outputNames 34 Main_10
outputNames 35 Main_11
outputNames 36 Rappel_1
outputNames 37 Rappel_2
outputNames 38 Rappel_3
outputNames 39 Rappel_4
outputNames 40 Rappel_5
outputNames 41 Rappel_6
outputNames 42 Rappel_7
outputNames 43 Rappel_8
outputNames 44 Rappel_9
outputNames 45 Rappel_10
outputNames 46 Rappel_11
1 -8.650 0.000 -8.625 -0.500 -0.120 0 86 90 0.000 1 1 1 100
2 -8.650 0.000 -7.875 -0.500 -0.120 0 86 90 0.000 2 1 1 100
3 -8.650 0.000 -7.125 -0.500 -0.120 0 86 90 0.000 1 1 1 100
4 -8.650 0.000 -6.375 -0.500 -0.120 0 86 90 0.000 2 1 1 100
5 -8.650 0.000 -5.625 -0.500 -0.120 0 86 90 0.000 1 1 1 100
6 -8.650 0.000 -4.875 -0.500 -0.120 0 86 90 0.000 2 1 1 100
7 -8.650 0.000 -4.125 -0.500 -0.120 0 86 90 0.000 1 1 1 100
8 -8.650 0.000 -3.375 -0.500 -0.120 0 86 90 0.000 2 1 1 100
9 -8.650 0.000 -2.625 -0.500 -0.120 0 86 90 0.000 1 1 1 100
10 -8.650 0.000 -1.875 -0.500 -0.120 0 86 90 0.000 2 1 1 100
11 -8.650 0.000 -1.125 -0.500 -0.120 0 86 90 0.000 1 1 1 100
12 -8.650 0.000 -0.375 -0.500 -0.120 0 86 90 0.000 2 1 1 100
13 -8.650 0.000 0.375 -0.500 -0.120 0 86 90 0.000 1 1 1 100
14 -8.650 0.000 1.125 -0.500 -0.120 0 86 90 0.000 2 1 1 100
15 -8.650 0.000 1.875 -0.500 -0.120 0 86 90 0.000 1 1 1 100
16 -8.650 0.000 2.625 -0.500 -0.120 0 86 90 0.000 2 1 1 100
17 -8.650 0.000 3.375 -0.500 -0.120 0 86 90 0.000 1 1 1 100
18 -8.650 0.000 4.125 -0.500 -0.120 0 86 90 0.000 2 1 1 100
19 -8.650 0.000 4.875 -0.500 -0.120 0 86 90 0.000 1 1 1 100
20 -8.650 0.000 5.625 -0.500 -0.120 0 86 90 0.000 2 1 1 100
21 -8.650 0.000 6.375 -0.500 -0.120 0 86 90 0.000 1 1 1 100
22 -8.650 0.000 7.125 -0.500 -0.120 0 86 90 0.000 2 1 1 100
23 -8.650 0.000 7.875 -0.500 -0.120 0 86 90 0.000 1 1 1 100
24 -8.650 0.000 8.625 -0.500 -0.120 0 86 90 0.000 2 1 1 100
25 -9.000 -1.000 -11.750 -3.220 9.230 0 86 90 0.000 3 1 1 100
26 -9.000 -1.000 -9.400 -3.220 9.230 0 86 90 0.000 4 1 1 100
27 -9.000 -1.000 -7.050 -3.220 9.230 0 86 90 0.000 3 1 1 100
28 -9.000 -1.000 -4.700 -3.220 9.230 0 86 90 0.000 4 1 1 100
29 -9.000 -1.000 -2.350 -3.220 9.230 0 86 90 0.000 3 1 1 100
30 -9.000 -1.000 0.000 -3.220 9.230 0 86 90 0.000 4 1 1 100
31 -9.000 -1.000 2.350 -3.220 9.230 0 86 90 0.000 3 1 1 100
32 -9.000 -1.000 4.700 -3.220 9.230 0 86 90 0.000 4 1 1 100
33 -9.000 -1.000 7.050 -3.220 9.230 0 86 90 0.000 3 1 1 100
34 -9.000 -1.000 9.400 -3.220 9.230 0 86 90 0.000 4 1 1 100
35 -9.000 -1.000 11.750 -3.220 9.230 0 86 90 0.000 3 1 1 100
36 -10.650 -7.000 -11.750 -15.320 11.830 0 86 90 0.000 5 1 1 100
37 -10.650 -7.000 -9.400 -15.320 11.830 0 86 90 0.000 5 1 1 100
38 -10.650 -7.000 -7.050 -15.320 11.830 0 86 90 0.000 5 1 1 100
39 -10.650 -7.000 -4.700 -15.320 11.830 0 86 90 0.000 5 1 1 100
40 -10.650 -7.000 -2.350 -15.320 11.830 0 86 90 0.000 5 1 1 100
41 -10.650 -7.000 0.000 -15.320 11.830 0 86 90 0.000 5 1 1 100
42 -10.650 -7.000 2.350 -15.320 11.830 0 86 90 0.000 5 1 1 100
43 -10.650 -7.000 4.700 -15.320 11.830 0 86 90 0.000 5 1 1 100
44 -10.650 -7.000 7.050 -15.320 11.830 0 86 90 0.000 5 1 1 100
45 -10.650 -7.000 9.400 -15.320 11.830 0 86 90 0.000 5 1 1 100
46 -10.650 -7.000 11.750 -15.320 11.830 0 86 90 0.000 5 1 1 100
reverbFeed 1 0.000 0.000 0.000 15.000 0.000 0 180 0 0.000 6 0 0 100
reverbFeed 2 0.000 0.000 0.000 15.000 0.000 0 180 0 0.000 6 0 0 100
reverbFeed 3 0.000 0.000 0.000 15.000 0.000 0 180 0 0.000 6 0 0 100
reverbFeed 4 0.000 0.000 0.000 15.000 0.000 0 180 0 0.000 6 0 0 100
reverbFeed 5 0.000 0.000 0.000 15.000 0.000 0 180 0 0.000 6 0 0 100
reverbFeed 6 0.000 0.000 0.000 15.000 0.000 0 180 0 0.000 6 0 0 100
