param 244
inputNames 1 Cuivre_L
inputNames 2 Cuivre_R
inputNames 3 Batterie_L
inputNames 4 Batterie_R
inputNames 5 Grosse_Caisse
inputNames 6 Caisse_claire
inputNames 7 Soubassophon
inputNames 8 Percu_L
inputNames 9 Percu_R
inputNames 10 GC_percu
inputNames 11 Piano_L
inputNames 12 Piano_R
inputNames 13 Reverb_1
inputNames 14 Reverb_2
inputNames 15 input_15
inputNames 16 input_16
inputMutes 1 1 1 1 1 1 1 1 1 1 1 1 1 1 1 1 1 1 1
inputLevels 1 0.668 0.668 0.785 0.785 0.923 0.923 0.597 0.597 1.000 0.696 0.696 0.886 0.886 0.568 0.961 0.568 0.992 0.992
inputDelays 1 14.432 14.432 8.659 8.659 2.886 2.886 18.974 18.974 4.330 13.691 13.691 6.123 6.123 20.256 1.443 20.256 0.289 0.289
1 0.000 0.000 0 2 -5.402 7.590 1.200 1 1 1 0 0 0 30 0.000 -0.700 360 0 0.000 0 0 1.500 0.000 0
inputMutes 2 1 1 1 1 1 1 1 1 1 1 1 1 1 1 1 1 1 1
inputLevels 2 0.668 0.668 0.785 0.785 0.923 0.923 0.589 0.589 0.886 0.682 0.682 0.843 0.843 0.568 0.961 0.568 0.992 0.992
inputDelays 2 14.432 14.432 8.659 8.659 2.886 2.886 18.974 18.974 4.330 13.691 13.691 6.123 6.123 20.256 1.443 20.256 0.289 0.289
2 0.000 0.000 0 2 -5.402 7.590 1.200 1 1 1 0 0 0 30 0.000 -0.700 360 0 0.000 0 0 1.500 0.000 0
inputMutes 3 1 1 1 1 1 1 1 1 1 1 1 1 1 1 1 1 1 1
inputLevels 3 0.668 0.668 0.785 0.785 0.923 0.923 0.597 0.597 1.000 0.696 0.696 0.886 0.886 0.568 0.961 0.568 0.992 0.992
inputDelays 3 14.432 14.432 8.659 8.659 2.886 2.886 18.974 18.974 4.330 13.691 13.691 6.123 6.123 20.256 1.443 20.256 0.289 0.289
3 0.000 0.000 0 3 -2.615 7.814 1.200 1 1 1 0 0 0 30 0.000 -0.700 360 0 0.000 0 0 1.500 0.000 0
inputMutes 4 1 1 1 1 1 1 1 1 1 1 1 1 1 1 1 1 1 1
inputLevels 4 0.668 0.668 0.785 0.785 0.923 0.923 0.589 0.589 0.886 0.682 0.682 0.843 0.843 0.568 0.961 0.568 0.992 0.992
inputDelays 4 14.432 14.432 8.659 8.659 2.886 2.886 18.974 18.974 4.330 13.691 13.691 6.123 6.123 20.256 1.443 20.256 0.289 0.289
4 0.000 0.000 0 3 -2.615 7.814 1.200 1 1 1 0 0 0 30 0.000 -0.700 360 0 0.000 0 0 1.500 0.000 0
inputMutes 5 1 1 1 1 1 1 1 1 1 1 1 1 1 1 1 1 1 1
inputLevels 5 0.668 0.668 0.785 0.785 0.923 0.923 0.589 0.589 0.886 0.682 0.682 0.843 0.843 0.568 0.961 0.568 0.992 0.992
inputDelays 5 14.432 14.432 8.659 8.659 2.886 2.886 18.974 18.974 4.330 13.691 13.691 6.123 6.123 20.256 1.443 20.256 0.289 0.289
5 0.000 0.000 0 3 -2.615 7.814 1.200 1 1 1 0 0 0 30 0.000 -0.700 360 0 0.000 0 0 1.500 0.000 0
inputMutes 6 1 1 1 1 1 1 1 1 1 1 1 1 1 1 1 1 1 1
inputLevels 6 0.668 0.668 0.785 0.785 0.923 0.923 0.589 0.589 0.886 0.682 0.682 0.843 0.843 0.568 0.961 0.568 0.992 0.992
inputDelays 6 14.432 14.432 8.659 8.659 2.886 2.886 18.974 18.974 4.330 13.691 13.691 6.123 6.123 20.256 1.443 20.256 0.289 0.289
6 0.000 0.000 0 3 -2.615 7.814 1.200 1 1 1 0 0 0 30 0.000 -0.700 360 0 0.000 0 0 1.500 0.000 0
inputMutes 7 1 1 1 1 1 1 1 1 1 1 1 1 1 1 1 1 1 1
inputLevels 7 0.668 0.668 0.785 0.785 0.923 0.923 0.589 0.589 0.886 0.682 0.682 0.843 0.843 0.568 0.961 0.568 0.992 0.992
inputDelays 7 14.432 14.432 8.659 8.659 2.886 2.886 18.974 18.974 4.330 13.691 13.691 6.123 6.123 20.256 1.443 20.256 0.289 0.289
7 0.000 0.000 0 4 1.640 7.955 1.200 1 1 1 0 0 0 30 0.000 -0.700 360 0 0.000 0 0 1.500 0.000 0
inputMutes 8 1 1 1 1 1 1 1 1 1 1 1 1 1 1 1 1 1 1
inputLevels 8 0.668 0.668 0.785 0.785 0.923 0.923 0.597 0.597 1.000 0.696 0.696 0.886 0.886 0.568 0.961 0.568 0.992 0.992
inputDelays 8 14.432 14.432 8.659 8.659 2.886 2.886 18.974 18.974 4.330 13.691 13.691 6.123 6.123 20.256 1.443 20.256 0.289 0.289
8 0.000 0.000 0 5 3.630 7.992 1.200 1 1 1 0 0 0 30 0.000 -0.700 360 0 0.000 0 0 1.500 0.000 0
inputMutes 9 1 1 1 1 1 1 1 1 1 1 1 1 1 1 1 1 1 1
inputLevels 9 0.668 0.668 0.785 0.785 0.923 0.923 0.589 0.589 0.886 0.682 0.682 0.843 0.843 0.568 0.961 0.568 0.992 0.992
inputDelays 9 14.432 14.432 8.659 8.659 2.886 2.886 18.974 18.974 4.330 13.691 13.691 6.123 6.123 20.256 1.443 20.256 0.289 0.289
9 0.000 0.000 0 5 3.630 7.992 1.200 1 1 1 0 0 0 30 0.000 -0.700 360 0 0.000 0 0 1.500 0.000 0
inputMutes 10 1 1 1 1 1 1 1 1 1 1 1 1 1 1 1 1 1 1
inputLevels 10 0.668 0.668 0.785 0.785 0.923 0.923 0.589 0.589 0.886 0.682 0.682 0.843 0.843 0.568 0.961 0.568 0.992 0.992
inputDelays 10 14.432 14.432 8.659 8.659 2.886 2.886 18.974 18.974 4.330 13.691 13.691 6.123 6.123 20.256 1.443 20.256 0.289 0.289
10 0.000 0.000 0 5 3.630 7.992 1.200 1 1 1 0 0 0 30 0.000 -0.700 360 0 0.000 0 0 1.500 0.000 0
inputMutes 11 1 1 1 1 1 1 1 1 1 1 1 1 1 1 1 1 1 1
inputLevels 11 0.668 0.668 0.785 0.785 0.923 0.923 0.597 0.597 1.000 0.696 0.696 0.886 0.886 0.568 0.961 0.568 0.992 0.992
inputDelays 11 14.432 14.432 8.659 8.659 2.886 2.886 18.974 18.974 4.330 13.691 13.691 6.123 6.123 20.256 1.443 20.256 0.289 0.289
11 0.000 0.000 0 6 6.013 7.737 1.200 1 1 1 0 0 0 30 0.000 -0.700 360 0 0.000 0 0 1.500 0.000 0
inputMutes 12 1 1 1 1 1 1 1 1 1 1 1 1 1 1 1 1 1 1
inputLevels 12 0.668 0.668 0.785 0.785 0.923 0.923 0.589 0.589 0.886 0.682 0.682 0.843 0.843 0.568 0.961 0.568 0.992 0.992
inputDelays 12 14.432 14.432 8.659 8.659 2.886 2.886 18.974 18.974 4.330 13.691 13.691 6.123 6.123 20.256 1.443 20.256 0.289 0.289
12 0.000 0.000 0 6 6.013 7.737 1.200 1 1 1 0 0 0 30 0.000 -0.700 360 0 0.000 0 0 1.500 0.000 0
inputMutes 13 1 1 1 1 1 1 1 1 1 1 1 1 1 1 1 1 1 1
inputLevels 13 0.668 0.668 0.785 0.785 0.923 0.923 0.589 0.589 0.886 0.682 0.682 0.843 0.843 0.568 0.961 0.568 0.992 0.992
inputDelays 13 14.432 14.432 8.659 8.659 2.886 2.886 18.974 18.974 4.330 13.691 13.691 6.123 6.123 20.256 1.443 20.256 0.289 0.289
13 0.000 0.000 0 7 -0.073 0.735 1.200 1 1 1 0 0 0 30 0.000 -0.700 360 0 0.000 0 0 1.500 0.000 0
inputMutes 14 1 1 1 1 1 1 1 1 1 1 1 1 1 1 1 1 1 1
inputLevels 14 0.668 0.668 0.785 0.785 0.923 0.923 0.575 0.575 0.818 0.660 0.660 0.791 0.791 0.568 0.961 0.568 0.992 0.992
inputDelays 14 14.432 14.432 8.659 8.659 2.886 2.886 19.832 19.832 7.216 14.859 14.859 8.415 8.415 20.256 1.443 20.256 0.289 0.289
14 0.000 0.000 0 8 0.039 1.999 3.000 1 1 1 0 0 0 50 0.000 -0.700 360 0 0.000 0 0 1.500 0.000 0
inputMutes 15 1 1 1 1 1 1 1 1 1 1 1 1 1 1 1 1 1 1
inputLevels 15 0.668 0.668 0.785 0.785 0.923 0.923 0.597 0.597 1.000 0.696 0.696 0.886 0.886 0.568 0.961 0.568 0.992 0.992
inputDelays 15 14.432 14.432 8.659 8.659 2.886 2.886 18.473 18.473 0.000 12.989 12.989 4.330 4.330 20.256 1.443 20.256 0.289 0.289
15 0.000 0.000 0 1 0.000 0.000 0.000 1 1 1 0 0 0 0 0.000 -0.700 360 0 0.000 0 0 1.500 0.000 0
inputMutes 16 1 1 1 1 1 1 1 1 1 1 1 1 1 1 1 1 1 1
inputLevels 16 0.668 0.668 0.785 0.785 0.923 0.923 0.597 0.597 1.000 0.696 0.696 0.886 0.886 0.568 0.961 0.568 0.992 0.992
inputDelays 16 14.432 14.432 8.659 8.659 2.886 2.886 18.473 18.473 0.000 12.989 12.989 4.330 4.330 20.256 1.443 20.256 0.289 0.289
16 0.000 0.000 0 1 0.000 0.000 0.000 1 1 1 0 0 0 0 0.000 -0.700 360 0 0.000 0 0 1.500 0.000 0
