param 24
inputNames 1 QLab_1
inputNames 2 QLab_2
inputNames 3 QLab_3
inputNames 4 QLab_4
inputNames 5 QLab_5
inputNames 6 QLab_6
inputNames 7 QLab_7
inputNames 8 QLab_8
inputNames 9 QLab_9
inputNames 10 QLab_10
inputNames 11 QLab_11
inputNames 12 QLab_12
inputNames 13 QLab_13
inputNames 14 QLab_14
inputNames 15 QLab_15
inputNames 16 QLab_16
inputNames 17 QLab_17
inputNames 18 QLab_18
inputNames 19 QLab_19
inputNames 20 QLab_20
inputNames 21 QLab_21
inputNames 22 QLab_22
inputNames 23 input_23
inputNames 24 input_24
inputNames 25 input_25
inputNames 26 input_26
inputNames 27 Hall_L
inputNames 28 Hall_R
inputNames 29 Room_L
inputNames 30 Room_R
inputNames 31 Rvb_DwnS_L
inputNames 32 Rvb_DwnS_R
inputNames 33 Rvb_UpS_L
inputNames 34 Rvb_UpS_R
inputOffset 1 0.000 0.000 0.000
inputJitter 1 0.000
inputLFO 1 0 1.000 0 0 1.000 0 0 1.000 0 0 1.000 0
1 0.000 0.000 0 1 0.000 0.000 0.000 1 1 1 0 0 0 0 0.000 -0.700 360 0 0.000 0 0 1.500 0.000 0 17.440 17.440 13.115 13.115 8.810 8.810 4.580 4.580 1.448 14.555 13.352 5.222 5.222 13.352 25.908 25.908 24.748 24.748 8.810 8.810 35.828 35.828 14.267 0.616 0.616 0.694 0.694 0.783 0.783 0.880 0.880 0.961 0.667 0.690 0.865 0.865 0.690 0.486 0.486 0.502 0.502 0.783 0.783 0.369 0.369 0.672 0.812 0.812 0.855 0.855 0.900 0.900 0.947 0.947 0.983 1.000 0.899 0.959 0.959 0.899 0.598 0.598 0.554 0.554 0.811 0.839 0.426 0.426 1.000 1 1 1 1 1 1 1 1 1 1 1 1 1 1 1 1 1 1 1 1 1 1 1
inputOffset 2 0.000 0.000 0.000
inputJitter 2 0.000
inputLFO 2 0 1.000 0 0 1.000 0 0 1.000 0 0 1.000 0
2 0.000 0.000 0 1 0.000 0.000 0.000 1 1 1 0 0 0 0 0.000 -0.700 360 0 0.000 0 0 1.500 0.000 0 17.440 17.440 13.115 13.115 8.810 8.810 4.580 4.580 1.448 14.555 13.352 5.222 5.222 13.352 25.908 25.908 24.748 24.748 8.810 8.810 35.828 35.828 14.267 0.616 0.616 0.694 0.694 0.783 0.783 0.880 0.880 0.961 0.667 0.690 0.865 0.865 0.690 0.486 0.486 0.502 0.502 0.783 0.783 0.369 0.369 0.672 0.812 0.812 0.855 0.855 0.900 0.900 0.947 0.947 0.983 1.000 0.899 0.959 0.959 0.899 0.598 0.598 0.554 0.554 0.811 0.839 0.426 0.426 1.000 1 1 1 1 1 1 1 1 1 1 1 1 1 1 1 1 1 1 1 1 1 1 1
inputOffset 3 0.000 0.000 0.000
inputJitter 3 0.000
inputLFO 3 0 1.000 0 0 1.000 0 0 1.000 0 0 1.000 0
3 0.000 0.000 0 1 0.000 0.000 0.000 1 1 1 0 0 0 0 0.000 -0.700 360 0 0.000 0 0 1.500 0.000 0 17.440 17.440 13.115 13.115 8.810 8.810 4.580 4.580 1.448 14.555 13.352 5.222 5.222 13.352 25.908 25.908 24.748 24.748 8.810 8.810 35.828 35.828 14.267 0.616 0.616 0.694 0.694 0.783 0.783 0.880 0.880 0.961 0.667 0.690 0.865 0.865 0.690 0.486 0.486 0.502 0.502 0.783 0.783 0.369 0.369 0.672 0.812 0.812 0.855 0.855 0.900 0.900 0.947 0.947 0.983 1.000 0.899 0.959 0.959 0.899 0.598 0.598 0.554 0.554 0.811 0.839 0.426 0.426 1.000 1 1 1 1 1 1 1 1 1 1 1 1 1 1 1 1 1 1 1 1 1 1 1
inputOffset 4 0.000 0.000 0.000
inputJitter 4 0.000
inputLFO 4 0 1.000 0 0 1.000 0 0 1.000 0 0 1.000 0
4 0.000 0.000 0 1 0.000 0.000 0.000 1 1 1 0 0 0 0 0.000 -0.700 360 0 0.000 0 0 1.500 0.000 0 17.440 17.440 13.115 13.115 8.810 8.810 4.580 4.580 1.448 14.555 13.352 5.222 5.222 13.352 25.908 25.908 24.748 24.748 8.810 8.810 35.828 35.828 14.267 0.616 0.616 0.694 0.694 0.783 0.783 0.880 0.880 0.961 0.667 0.690 0.865 0.865 0.690 0.486 0.486 0.502 0.502 0.783 0.783 0.369 0.369 0.672 0.812 0.812 0.855 0.855 0.900 0.900 0.947 0.947 0.983 1.000 0.899 0.959 0.959 0.899 0.598 0.598 0.554 0.554 0.811 0.839 0.426 0.426 1.000 1 1 1 1 1 1 1 1 1 1 1 1 1 1 1 1 1 1 1 1 1 1 1
inputOffset 5 0.000 0.000 0.000
inputJitter 5 0.000
inputLFO 5 0 1.000 0 0 1.000 0 0 1.000 0 0 1.000 0
5 0.000 0.000 0 1 0.000 0.000 0.000 1 1 1 0 0 0 0 0.000 -0.700 360 0 0.000 0 0 1.500 0.000 0 17.440 17.440 13.115 13.115 8.810 8.810 4.580 4.580 1.448 14.555 13.352 5.222 5.222 13.352 25.908 25.908 24.748 24.748 8.810 8.810 35.828 35.828 14.267 0.616 0.616 0.694 0.694 0.783 0.783 0.880 0.880 0.961 0.667 0.690 0.865 0.865 0.690 0.486 0.486 0.502 0.502 0.783 0.783 0.369 0.369 0.672 0.812 0.812 0.855 0.855 0.900 0.900 0.947 0.947 0.983 1.000 0.899 0.959 0.959 0.899 0.598 0.598 0.554 0.554 0.811 0.839 0.426 0.426 1.000 1 1 1 1 1 1 1 1 1 1 1 1 1 1 1 1 1 1 1 1 1 1 1
inputOffset 6 0.000 0.000 0.000
inputJitter 6 0.000
inputLFO 6 0 1.000 0 0 1.000 0 0 1.000 0 0 1.000 0
6 0.000 0.000 0 1 0.000 0.000 0.000 1 1 1 0 0 0 0 0.000 -0.700 360 0 0.000 0 0 1.500 0.000 0 17.440 17.440 13.115 13.115 8.810 8.810 4.580 4.580 1.448 14.555 13.352 5.222 5.222 13.352 25.908 25.908 24.748 24.748 8.810 8.810 35.828 35.828 14.267 0.616 0.616 0.694 0.694 0.783 0.783 0.880 0.880 0.961 0.667 0.690 0.865 0.865 0.690 0.486 0.486 0.502 0.502 0.783 0.783 0.369 0.369 0.672 0.812 0.812 0.855 0.855 0.900 0.900 0.947 0.947 0.983 1.000 0.899 0.959 0.959 0.899 0.598 0.598 0.554 0.554 0.811 0.839 0.426 0.426 1.000 1 1 1 1 1 1 1 1 1 1 1 1 1 1 1 1 1 1 1 1 1 1 1
inputOffset 7 0.000 0.000 0.000
inputJitter 7 0.000
inputLFO 7 0 1.000 0 0 1.000 0 0 1.000 0 0 1.000 0
7 0.000 0.000 0 1 0.000 0.000 0.000 1 1 1 0 0 0 0 0.000 -0.700 360 0 0.000 0 0 1.500 0.000 0 17.440 17.440 13.115 13.115 8.810 8.810 4.580 4.580 1.448 14.555 13.352 5.222 5.222 13.352 25.908 25.908 24.748 24.748 8.810 8.810 35.828 35.828 14.267 0.616 0.616 0.694 0.694 0.783 0.783 0.880 0.880 0.961 0.667 0.690 0.865 0.865 0.690 0.486 0.486 0.502 0.502 0.783 0.783 0.369 0.369 0.672 0.812 0.812 0.855 0.855 0.900 0.900 0.947 0.947 0.983 1.000 0.899 0.959 0.959 0.899 0.598 0.598 0.554 0.554 0.811 0.839 0.426 0.426 1.000 1 1 1 1 1 1 1 1 1 1 1 1 1 1 1 1 1 1 1 1 1 1 1
inputOffset 8 0.000 0.000 0.000
inputJitter 8 0.000
inputLFO 8 0 1.000 0 0 1.000 0 0 1.000 0 0 1.000 0
8 0.000 0.000 0 1 0.000 0.000 0.000 1 1 1 0 0 0 0 0.000 -0.700 360 0 0.000 0 0 1.500 0.000 0 17.440 17.440 13.115 13.115 8.810 8.810 4.580 4.580 1.448 14.555 13.352 5.222 5.222 13.352 25.908 25.908 24.748 24.748 8.810 8.810 35.828 35.828 14.267 0.616 0.616 0.694 0.694 0.783 0.783 0.880 0.880 0.961 0.667 0.690 0.865 0.865 0.690 0.486 0.486 0.502 0.502 0.783 0.783 0.369 0.369 0.672 0.812 0.812 0.855 0.855 0.900 0.900 0.947 0.947 0.983 1.000 0.899 0.959 0.959 0.899 0.598 0.598 0.554 0.554 0.811 0.839 0.426 0.426 1.000 1 1 1 1 1 1 1 1 1 1 1 1 1 1 1 1 1 1 1 1 1 1 1
inputOffset 9 0.000 0.000 0.000
inputJitter 9 0.000
inputLFO 9 0 1.000 0 0 1.000 0 0 1.000 0 0 1.000 0
9 0.000 0.000 0 1 0.000 0.000 0.000 1 1 1 0 0 0 0 0.000 -0.700 360 0 0.000 0 0 1.500 0.000 0 17.440 17.440 13.115 13.115 8.810 8.810 4.580 4.580 1.448 14.555 13.352 5.222 5.222 13.352 25.908 25.908 24.748 24.748 8.810 8.810 35.828 35.828 14.267 0.616 0.616 0.694 0.694 0.783 0.783 0.880 0.880 0.961 0.667 0.690 0.865 0.865 0.690 0.486 0.486 0.502 0.502 0.783 0.783 0.369 0.369 0.672 0.812 0.812 0.855 0.855 0.900 0.900 0.947 0.947 0.983 1.000 0.899 0.959 0.959 0.899 0.598 0.598 0.554 0.554 0.811 0.839 0.426 0.426 1.000 1 1 1 1 1 1 1 1 1 1 1 1 1 1 1 1 1 1 1 1 1 1 1
inputOffset 10 0.000 0.000 0.000
inputJitter 10 0.000
inputLFO 10 0 1.000 0 0 1.000 0 0 1.000 0 0 1.000 0
10 0.000 0.000 0 1 0.000 0.000 0.000 1 1 1 0 0 0 0 0.000 -0.700 360 0 0.000 0 0 1.500 0.000 0 17.440 17.440 13.115 13.115 8.810 8.810 4.580 4.580 1.448 14.555 13.352 5.222 5.222 13.352 25.908 25.908 24.748 24.748 8.810 8.810 35.828 35.828 14.267 0.616 0.616 0.694 0.694 0.783 0.783 0.880 0.880 0.961 0.667 0.690 0.865 0.865 0.690 0.486 0.486 0.502 0.502 0.783 0.783 0.369 0.369 0.672 0.812 0.812 0.855 0.855 0.900 0.900 0.947 0.947 0.983 1.000 0.899 0.959 0.959 0.899 0.598 0.598 0.554 0.554 0.811 0.839 0.426 0.426 1.000 1 1 1 1 1 1 1 1 1 1 1 1 1 1 1 1 1 1 1 1 1 1 1
inputOffset 11 0.000 0.000 0.000
inputJitter 11 0.000
inputLFO 11 0 1.000 0 0 1.000 0 0 1.000 0 0 1.000 0
11 0.000 0.000 0 1 0.000 0.000 0.000 1 1 1 0 0 0 0 0.000 -0.700 360 0 0.000 0 0 1.500 0.000 0 17.440 17.440 13.115 13.115 8.810 8.810 4.580 4.580 1.448 14.555 13.352 5.222 5.222 13.352 25.908 25.908 24.748 24.748 8.810 8.810 35.828 35.828 14.267 0.616 0.616 0.694 0.694 0.783 0.783 0.880 0.880 0.961 0.667 0.690 0.865 0.865 0.690 0.486 0.486 0.502 0.502 0.783 0.783 0.369 0.369 0.672 0.812 0.812 0.855 0.855 0.900 0.900 0.947 0.947 0.983 1.000 0.899 0.959 0.959 0.899 0.598 0.598 0.554 0.554 0.811 0.839 0.426 0.426 1.000 1 1 1 1 1 1 1 1 1 1 1 1 1 1 1 1 1 1 1 1 1 1 1
inputOffset 12 0.000 0.000 0.000
inputJitter 12 0.000
inputLFO 12 0 1.000 0 0 1.000 0 0 1.000 0 0 1.000 0
12 0.000 0.000 0 1 0.000 0.000 0.000 1 1 1 0 0 0 0 0.000 -0.700 360 0 0.000 0 0 1.500 0.000 0 17.440 17.440 13.115 13.115 8.810 8.810 4.580 4.580 1.448 14.555 13.352 5.222 5.222 13.352 25.908 25.908 24.748 24.748 8.810 8.810 35.828 35.828 14.267 0.616 0.616 0.694 0.694 0.783 0.783 0.880 0.880 0.961 0.667 0.690 0.865 0.865 0.690 0.486 0.486 0.502 0.502 0.783 0.783 0.369 0.369 0.672 0.812 0.812 0.855 0.855 0.900 0.900 0.947 0.947 0.983 1.000 0.899 0.959 0.959 0.899 0.598 0.598 0.554 0.554 0.811 0.839 0.426 0.426 1.000 1 1 1 1 1 1 1 1 1 1 1 1 1 1 1 1 1 1 1 1 1 1 1
inputOffset 13 0.000 0.000 0.000
inputJitter 13 0.000
inputLFO 13 0 1.000 0 0 1.000 0 0 1.000 0 0 1.000 0
13 0.000 0.000 0 1 0.000 0.000 0.000 1 1 1 0 0 0 0 0.000 -0.700 360 0 0.000 0 0 1.500 0.000 0 17.440 17.440 13.115 13.115 8.810 8.810 4.580 4.580 1.448 14.555 13.352 5.222 5.222 13.352 25.908 25.908 24.748 24.748 8.810 8.810 35.828 35.828 14.267 0.616 0.616 0.694 0.694 0.783 0.783 0.880 0.880 0.961 0.667 0.690 0.865 0.865 0.690 0.486 0.486 0.502 0.502 0.783 0.783 0.369 0.369 0.672 0.812 0.812 0.855 0.855 0.900 0.900 0.947 0.947 0.983 1.000 0.899 0.959 0.959 0.899 0.598 0.598 0.554 0.554 0.811 0.839 0.426 0.426 1.000 1 1 1 1 1 1 1 1 1 1 1 1 1 1 1 1 1 1 1 1 1 1 1
inputOffset 14 0.000 0.000 0.000
inputJitter 14 0.000
inputLFO 14 0 1.000 0 0 1.000 0 0 1.000 0 0 1.000 0
14 0.000 0.000 0 1 0.000 0.000 0.000 1 1 1 0 0 0 0 0.000 -0.700 360 0 0.000 0 0 1.500 0.000 0 17.440 17.440 13.115 13.115 8.810 8.810 4.580 4.580 1.448 14.555 13.352 5.222 5.222 13.352 25.908 25.908 24.748 24.748 8.810 8.810 35.828 35.828 14.267 0.616 0.616 0.694 0.694 0.783 0.783 0.880 0.880 0.961 0.667 0.690 0.865 0.865 0.690 0.486 0.486 0.502 0.502 0.783 0.783 0.369 0.369 0.672 0.812 0.812 0.855 0.855 0.900 0.900 0.947 0.947 0.983 1.000 0.899 0.959 0.959 0.899 0.598 0.598 0.554 0.554 0.811 0.839 0.426 0.426 1.000 1 1 1 1 1 1 1 1 1 1 1 1 1 1 1 1 1 1 1 1 1 1 1
inputOffset 15 0.000 0.000 0.000
inputJitter 15 0.000
inputLFO 15 0 1.000 0 0 1.000 0 0 1.000 0 0 1.000 0
15 0.000 0.000 0 1 0.000 0.000 0.000 1 1 1 0 0 0 0 0.000 -0.700 360 0 0.000 0 0 1.500 0.000 0 17.440 17.440 13.115 13.115 8.810 8.810 4.580 4.580 1.448 14.555 13.352 5.222 5.222 13.352 25.908 25.908 24.748 24.748 8.810 8.810 35.828 35.828 14.267 0.616 0.616 0.694 0.694 0.783 0.783 0.880 0.880 0.961 0.667 0.690 0.865 0.865 0.690 0.486 0.486 0.502 0.502 0.783 0.783 0.369 0.369 0.672 0.812 0.812 0.855 0.855 0.900 0.900 0.947 0.947 0.983 1.000 0.899 0.959 0.959 0.899 0.598 0.598 0.554 0.554 0.811 0.839 0.426 0.426 1.000 1 1 1 1 1 1 1 1 1 1 1 1 1 1 1 1 1 1 1 1 1 1 1
inputOffset 16 0.000 0.000 0.000
inputJitter 16 0.000
inputLFO 16 0 1.000 0 0 1.000 0 0 1.000 0 0 1.000 0
16 0.000 0.000 0 1 0.000 0.000 0.000 1 1 1 0 0 0 0 0.000 -0.700 360 0 0.000 0 0 1.500 0.000 0 17.440 17.440 13.115 13.115 8.810 8.810 4.580 4.580 1.448 14.555 13.352 5.222 5.222 13.352 25.908 25.908 24.748 24.748 8.810 8.810 35.828 35.828 14.267 0.616 0.616 0.694 0.694 0.783 0.783 0.880 0.880 0.961 0.667 0.690 0.865 0.865 0.690 0.486 0.486 0.502 0.502 0.783 0.783 0.369 0.369 0.672 0.812 0.812 0.855 0.855 0.900 0.900 0.947 0.947 0.983 1.000 0.899 0.959 0.959 0.899 0.598 0.598 0.554 0.554 0.811 0.839 0.426 0.426 1.000 1 1 1 1 1 1 1 1 1 1 1 1 1 1 1 1 1 1 1 1 1 1 1
inputOffset 17 0.000 0.000 0.000
inputJitter 17 0.000
inputLFO 17 0 1.000 0 0 1.000 0 0 1.000 0 0 1.000 0
17 0.000 0.000 0 1 0.000 0.000 0.000 1 1 1 0 0 0 0 0.000 -0.700 360 0 0.000 0 0 1.500 0.000 0 17.440 17.440 13.115 13.115 8.810 8.810 4.580 4.580 1.448 14.555 13.352 5.222 5.222 13.352 25.908 25.908 24.748 24.748 8.810 8.810 35.828 35.828 14.267 0.616 0.616 0.694 0.694 0.783 0.783 0.880 0.880 0.961 0.667 0.690 0.865 0.865 0.690 0.486 0.486 0.502 0.502 0.783 0.783 0.369 0.369 0.672 0.812 0.812 0.855 0.855 0.900 0.900 0.947 0.947 0.983 1.000 0.899 0.959 0.959 0.899 0.598 0.598 0.554 0.554 0.811 0.839 0.426 0.426 1.000 1 1 1 1 1 1 1 1 1 1 1 1 1 1 1 1 1 1 1 1 1 1 1
inputOffset 18 0.000 0.000 0.000
inputJitter 18 0.000
inputLFO 18 0 1.000 0 0 1.000 0 0 1.000 0 0 1.000 0
18 0.000 0.000 0 1 0.000 0.000 0.000 1 1 1 0 0 0 0 0.000 -0.700 360 0 0.000 0 0 1.500 0.000 0 17.440 17.440 13.115 13.115 8.810 8.810 4.580 4.580 1.448 14.555 13.352 5.222 5.222 13.352 25.908 25.908 24.748 24.748 8.810 8.810 35.828 35.828 14.267 0.616 0.616 0.694 0.694 0.783 0.783 0.880 0.880 0.961 0.667 0.690 0.865 0.865 0.690 0.486 0.486 0.502 0.502 0.783 0.783 0.369 0.369 0.672 0.812 0.812 0.855 0.855 0.900 0.900 0.947 0.947 0.983 1.000 0.899 0.959 0.959 0.899 0.598 0.598 0.554 0.554 0.811 0.839 0.426 0.426 1.000 1 1 1 1 1 1 1 1 1 1 1 1 1 1 1 1 1 1 1 1 1 1 1
inputOffset 19 0.000 0.000 0.000
inputJitter 19 0.000
inputLFO 19 0 1.000 0 0 1.000 0 0 1.000 0 0 1.000 0
19 0.000 0.000 0 1 0.000 0.000 0.000 1 1 1 0 0 0 0 0.000 -0.700 360 0 0.000 0 0 1.500 0.000 0 17.440 17.440 13.115 13.115 8.810 8.810 4.580 4.580 1.448 14.555 13.352 5.222 5.222 13.352 25.908 25.908 24.748 24.748 8.810 8.810 35.828 35.828 14.267 0.616 0.616 0.694 0.694 0.783 0.783 0.880 0.880 0.961 0.667 0.690 0.865 0.865 0.690 0.486 0.486 0.502 0.502 0.783 0.783 0.369 0.369 0.672 0.812 0.812 0.855 0.855 0.900 0.900 0.947 0.947 0.983 1.000 0.899 0.959 0.959 0.899 0.598 0.598 0.554 0.554 0.811 0.839 0.426 0.426 1.000 1 1 1 1 1 1 1 1 1 1 1 1 1 1 1 1 1 1 1 1 1 1 1
inputOffset 20 0.000 0.000 0.000
inputJitter 20 0.000
inputLFO 20 0 1.000 0 0 1.000 0 0 1.000 0 0 1.000 0
20 0.000 0.000 0 1 0.000 0.000 0.000 1 1 1 0 0 0 0 0.000 -0.700 360 0 0.000 0 0 1.500 0.000 0 17.440 17.440 13.115 13.115 8.810 8.810 4.580 4.580 1.448 14.555 13.352 5.222 5.222 13.352 25.908 25.908 24.748 24.748 8.810 8.810 35.828 35.828 14.267 0.616 0.616 0.694 0.694 0.783 0.783 0.880 0.880 0.961 0.667 0.690 0.865 0.865 0.690 0.486 0.486 0.502 0.502 0.783 0.783 0.369 0.369 0.672 0.812 0.812 0.855 0.855 0.900 0.900 0.947 0.947 0.983 1.000 0.899 0.959 0.959 0.899 0.598 0.598 0.554 0.554 0.811 0.839 0.426 0.426 1.000 1 1 1 1 1 1 1 1 1 1 1 1 1 1 1 1 1 1 1 1 1 1 1
inputOffset 21 0.000 0.000 0.000
inputJitter 21 0.000
inputLFO 21 0 1.000 0 0 1.000 0 0 1.000 0 0 1.000 0
21 0.000 0.000 0 1 0.000 0.000 0.000 1 1 1 0 0 0 0 0.000 -0.700 360 0 0.000 0 0 1.500 0.000 0 17.440 17.440 13.115 13.115 8.810 8.810 4.580 4.580 1.448 14.555 13.352 5.222 5.222 13.352 25.908 25.908 24.748 24.748 8.810 8.810 35.828 35.828 14.267 0.616 0.616 0.694 0.694 0.783 0.783 0.880 0.880 0.961 0.667 0.690 0.865 0.865 0.690 0.486 0.486 0.502 0.502 0.783 0.783 0.369 0.369 0.672 0.812 0.812 0.855 0.855 0.900 0.900 0.947 0.947 0.983 1.000 0.899 0.959 0.959 0.899 0.598 0.598 0.554 0.554 0.811 0.839 0.426 0.426 1.000 1 1 1 1 1 1 1 1 1 1 1 1 1 1 1 1 1 1 1 1 1 1 1
inputOffset 22 0.000 0.000 0.000
inputJitter 22 0.000
inputLFO 22 0 1.000 0 0 1.000 0 0 1.000 0 0 1.000 0
22 0.000 0.000 0 1 0.000 0.000 0.000 1 1 1 0 0 0 0 0.000 -0.700 360 0 0.000 0 0 1.500 0.000 0 17.440 17.440 13.115 13.115 8.810 8.810 4.580 4.580 1.448 14.555 13.352 5.222 5.222 13.352 25.908 25.908 24.748 24.748 8.810 8.810 35.828 35.828 14.267 0.616 0.616 0.694 0.694 0.783 0.783 0.880 0.880 0.961 0.667 0.690 0.865 0.865 0.690 0.486 0.486 0.502 0.502 0.783 0.783 0.369 0.369 0.672 0.812 0.812 0.855 0.855 0.900 0.900 0.947 0.947 0.983 1.000 0.899 0.959 0.959 0.899 0.598 0.598 0.554 0.554 0.811 0.839 0.426 0.426 1.000 1 1 1 1 1 1 1 1 1 1 1 1 1 1 1 1 1 1 1 1 1 1 1
inputOffset 23 0.000 0.000 0.000
inputJitter 23 0.000
inputLFO 23 0 1.000 0 0 1.000 0 0 1.000 0 0 1.000 0
23 0.000 0.000 0 1 0.000 0.000 0.000 1 1 1 0 0 0 0 0.000 -0.700 360 0 0.000 0 0 1.500 0.000 0 17.440 17.440 13.115 13.115 8.810 8.810 4.580 4.580 1.448 14.555 13.352 5.222 5.222 13.352 25.908 25.908 24.748 24.748 8.810 8.810 35.828 35.828 14.267 0.616 0.616 0.694 0.694 0.783 0.783 0.880 0.880 0.961 0.667 0.690 0.865 0.865 0.690 0.486 0.486 0.502 0.502 0.783 0.783 0.369 0.369 0.672 0.812 0.812 0.855 0.855 0.900 0.900 0.947 0.947 0.983 1.000 0.899 0.959 0.959 0.899 0.598 0.598 0.554 0.554 0.811 0.839 0.426 0.426 1.000 1 1 1 1 1 1 1 1 1 1 1 1 1 1 1 1 1 1 1 1 1 1 1
inputOffset 24 0.000 0.000 0.000
inputJitter 24 0.000
inputLFO 24 0 1.000 0 0 1.000 0 0 1.000 0 0 1.000 0
24 0.000 0.000 0 1 0.000 0.000 0.000 1 1 1 0 0 0 0 0.000 -0.700 360 0 0.000 0 0 1.500 0.000 0 17.440 17.440 13.115 13.115 8.810 8.810 4.580 4.580 1.448 14.555 13.352 5.222 5.222 13.352 25.908 25.908 24.748 24.748 8.810 8.810 35.828 35.828 14.267 0.616 0.616 0.694 0.694 0.783 0.783 0.880 0.880 0.961 0.667 0.690 0.865 0.865 0.690 0.486 0.486 0.502 0.502 0.783 0.783 0.369 0.369 0.672 0.812 0.812 0.855 0.855 0.900 0.900 0.947 0.947 0.983 1.000 0.899 0.959 0.959 0.899 0.598 0.598 0.554 0.554 0.811 0.839 0.426 0.426 1.000 1 1 1 1 1 1 1 1 1 1 1 1 1 1 1 1 1 1 1 1 1 1 1
inputOffset 25 0.000 0.000 0.000
inputJitter 25 0.000
inputLFO 25 0 1.000 0 0 1.000 0 0 1.000 0 0 1.000 0
25 0.000 0.000 0 1 0.000 0.000 0.000 1 1 1 0 0 0 0 0.000 -0.700 360 0 0.000 0 0 1.500 0.000 0 17.440 17.440 13.115 13.115 8.810 8.810 4.580 4.580 1.448 14.555 13.352 5.222 5.222 13.352 25.908 25.908 24.748 24.748 8.810 8.810 35.828 35.828 14.267 0.616 0.616 0.694 0.694 0.783 0.783 0.880 0.880 0.961 0.667 0.690 0.865 0.865 0.690 0.486 0.486 0.502 0.502 0.783 0.783 0.369 0.369 0.672 0.812 0.812 0.855 0.855 0.900 0.900 0.947 0.947 0.983 1.000 0.899 0.959 0.959 0.899 0.598 0.598 0.554 0.554 0.811 0.839 0.426 0.426 1.000 1 1 1 1 1 1 1 1 1 1 1 1 1 1 1 1 1 1 1 1 1 1 1
inputOffset 26 0.000 0.000 0.000
inputJitter 26 0.000
inputLFO 26 0 1.000 0 0 1.000 0 0 1.000 0 0 1.000 0
26 0.000 0.000 0 1 0.000 0.000 0.000 1 1 1 0 0 0 0 0.000 -0.700 360 0 0.000 0 0 1.500 0.000 0 17.440 17.440 13.115 13.115 8.810 8.810 4.580 4.580 1.448 14.555 13.352 5.222 5.222 13.352 25.908 25.908 24.748 24.748 8.810 8.810 35.828 35.828 14.267 0.616 0.616 0.694 0.694 0.783 0.783 0.880 0.880 0.961 0.667 0.690 0.865 0.865 0.690 0.486 0.486 0.502 0.502 0.783 0.783 0.369 0.369 0.672 0.812 0.812 0.855 0.855 0.900 0.900 0.947 0.947 0.983 1.000 0.899 0.959 0.959 0.899 0.598 0.598 0.554 0.554 0.811 0.839 0.426 0.426 1.000 1 1 1 1 1 1 1 1 1 1 1 1 1 1 1 1 1 1 1 1 1 1 1
inputOffset 27 0.000 0.000 0.000
inputJitter 27 0.000
inputLFO 27 0 1.000 0 0 1.000 0 0 1.000 0 0 1.000 0
27 0.000 0.000 0 1 12.000 6.000 4.000 0 0 0 1 0 0 0 0.000 -0.700 360 0 0.000 0 0 1.500 0.000 0 17.440 17.440 13.115 13.115 8.810 8.810 4.580 4.580 1.448 14.555 13.352 5.222 5.222 13.352 25.908 25.908 24.748 24.748 8.810 8.810 35.828 35.828 14.267 0.616 0.616 0.694 0.694 0.783 0.783 0.880 0.880 0.961 0.667 0.690 0.865 0.865 0.690 0.486 0.486 0.502 0.502 0.783 0.783 0.369 0.369 0.672 0.812 0.812 0.855 0.855 0.900 0.900 0.947 0.947 0.983 1.000 0.899 0.959 0.959 0.899 0.598 0.598 0.554 0.554 0.811 0.839 0.426 0.426 1.000 1 1 1 1 1 1 1 1 1 0 1 1 1 1 0 0 0 0 0 0 0 0 0
inputOffset 28 0.000 0.000 0.000
inputJitter 28 0.000
inputLFO 28 0 1.000 0 0 1.000 0 0 1.000 0 0 1.000 0
28 0.000 0.000 0 1 12.000 6.000 4.000 0 0 0 0 0 0 0 0.000 -0.700 360 0 0.000 0 0 1.500 0.000 0 17.440 17.440 13.115 13.115 8.810 8.810 4.580 4.580 1.448 14.555 13.352 5.222 5.222 13.352 25.908 25.908 24.748 24.748 8.810 8.810 35.828 35.828 14.267 0.616 0.616 0.694 0.694 0.783 0.783 0.880 0.880 0.961 0.667 0.690 0.865 0.865 0.690 0.486 0.486 0.502 0.502 0.783 0.783 0.369 0.369 0.672 0.812 0.812 0.855 0.855 0.900 0.900 0.947 0.947 0.983 1.000 0.899 0.959 0.959 0.899 0.598 0.598 0.554 0.554 0.811 0.839 0.426 0.426 1.000 1 1 1 1 1 1 1 1 1 0 1 1 1 1 0 0 0 0 0 0 0 0 0
inputOffset 29 0.000 0.000 0.000
inputJitter 29 0.000
inputLFO 29 0 1.000 0 0 1.000 0 0 1.000 0 0 1.000 0
29 0.000 0.000 0 1 10.000 4.000 2.000 0 0 0 1 0 0 0 0.000 -0.700 360 0 0.000 0 0 1.500 0.000 0 17.440 17.440 13.115 13.115 8.810 8.810 4.580 4.580 1.448 14.555 13.352 5.222 5.222 13.352 25.908 25.908 24.748 24.748 8.810 8.810 35.828 35.828 14.267 0.616 0.616 0.694 0.694 0.783 0.783 0.880 0.880 0.961 0.667 0.690 0.865 0.865 0.690 0.486 0.486 0.502 0.502 0.783 0.783 0.369 0.369 0.672 0.812 0.812 0.855 0.855 0.900 0.900 0.947 0.947 0.983 1.000 0.899 0.959 0.959 0.899 0.598 0.598 0.554 0.554 0.811 0.839 0.426 0.426 1.000 1 1 1 1 1 1 1 1 1 0 1 1 1 1 0 0 0 0 0 0 0 0 0
inputOffset 30 0.000 0.000 0.000
inputJitter 30 0.000
inputLFO 30 0 1.000 0 0 1.000 0 0 1.000 0 0 1.000 0
30 0.000 0.000 0 1 10.000 4.000 2.000 0 0 0 0 0 0 0 0.000 -0.700 360 0 0.000 0 0 1.500 0.000 0 17.440 17.440 13.115 13.115 8.810 8.810 4.580 4.580 1.448 14.555 13.352 5.222 5.222 13.352 25.908 25.908 24.748 24.748 8.810 8.810 35.828 35.828 14.267 0.616 0.616 0.694 0.694 0.783 0.783 0.880 0.880 0.961 0.667 0.690 0.865 0.865 0.690 0.486 0.486 0.502 0.502 0.783 0.783 0.369 0.369 0.672 0.812 0.812 0.855 0.855 0.900 0.900 0.947 0.947 0.983 1.000 0.899 0.959 0.959 0.899 0.598 0.598 0.554 0.554 0.811 0.839 0.426 0.426 1.000 1 1 1 1 1 1 1 1 1 0 1 1 1 1 0 0 0 0 0 0 0 0 0
inputOffset 31 0.000 0.000 0.000
inputJitter 31 0.000
inputLFO 31 0 1.000 0 0 1.000 0 0 1.000 0 0 1.000 0
31 0.000 0.000 0 1 3.205 0.000 0.000 0 0 0 1 0 0 0 0.000 -0.700 360 0 0.000 0 0 1.500 0.000 0 17.440 17.440 13.115 13.115 8.810 8.810 4.580 4.580 1.448 14.555 13.352 5.222 5.222 13.352 25.908 25.908 24.748 24.748 8.810 8.810 35.828 35.828 14.267 0.616 0.616 0.694 0.694 0.783 0.783 0.880 0.880 0.961 0.667 0.690 0.865 0.865 0.690 0.486 0.486 0.502 0.502 0.783 0.783 0.369 0.369 0.672 0.812 0.812 0.855 0.855 0.900 0.900 0.947 0.947 0.983 1.000 0.899 0.959 0.959 0.899 0.598 0.598 0.554 0.554 0.811 0.839 0.426 0.426 1.000 1 1 1 1 1 1 1 1 1 0 1 1 1 1 0 0 0 0 0 0 0 0 0
inputOffset 32 0.000 0.000 0.000
inputJitter 32 0.000
inputLFO 32 0 1.000 0 0 1.000 0 0 1.000 0 0 1.000 0
32 0.000 0.000 0 1 3.205 0.000 0.000 0 0 0 0 0 0 0 0.000 -0.700 360 0 0.000 0 0 1.500 0.000 0 17.440 17.440 13.115 13.115 8.810 8.810 4.580 4.580 1.448 14.555 13.352 5.222 5.222 13.352 25.908 25.908 24.748 24.748 8.810 8.810 35.828 35.828 14.267 0.616 0.616 0.694 0.694 0.783 0.783 0.880 0.880 0.961 0.667 0.690 0.865 0.865 0.690 0.486 0.486 0.502 0.502 0.783 0.783 0.369 0.369 0.672 0.812 0.812 0.855 0.855 0.900 0.900 0.947 0.947 0.983 1.000 0.899 0.959 0.959 0.899 0.598 0.598 0.554 0.554 0.811 0.839 0.426 0.426 1.000 1 1 1 1 1 1 1 1 1 0 1 1 1 1 0 0 0 0 0 0 0 0 0
inputOffset 33 0.000 0.000 0.000
inputJitter 33 0.000
inputLFO 33 0 1.000 0 0 1.000 0 0 1.000 0 0 1.000 0
33 0.000 0.000 0 1 4.500 12.500 0.000 0 0 0 1 0 0 0 0.000 -0.700 360 0 0.000 0 0 1.500 0.000 0 17.440 17.440 13.115 13.115 8.810 8.810 4.580 4.580 1.448 14.555 13.352 5.222 5.222 13.352 25.908 25.908 24.748 24.748 8.810 8.810 35.828 35.828 14.267 0.616 0.616 0.694 0.694 0.783 0.783 0.880 0.880 0.961 0.667 0.690 0.865 0.865 0.690 0.486 0.486 0.502 0.502 0.783 0.783 0.369 0.369 0.672 0.812 0.812 0.855 0.855 0.900 0.900 0.947 0.947 0.983 1.000 0.899 0.959 0.959 0.899 0.598 0.598 0.554 0.554 0.811 0.839 0.426 0.426 1.000 1 1 1 1 1 1 1 1 1 0 1 1 1 1 0 0 0 0 0 0 0 0 0
inputOffset 34 0.000 0.000 0.000
inputJitter 34 0.000
inputLFO 34 0 1.000 0 0 1.000 0 0 1.000 0 0 1.000 0
34 0.000 0.000 0 1 4.500 12.500 0.000 0 0 0 0 0 0 0 0.000 -0.700 360 0 0.000 0 0 1.500 0.000 0 17.440 17.440 13.115 13.115 8.810 8.810 4.580 4.580 1.448 14.555 13.352 5.222 5.222 13.352 25.908 25.908 24.748 24.748 8.810 8.810 35.828 35.828 14.267 0.616 0.616 0.694 0.694 0.783 0.783 0.880 0.880 0.961 0.667 0.690 0.865 0.865 0.690 0.486 0.486 0.502 0.502 0.783 0.783 0.369 0.369 0.672 0.812 0.812 0.855 0.855 0.900 0.900 0.947 0.947 0.983 1.000 0.899 0.959 0.959 0.899 0.598 0.598 0.554 0.554 0.811 0.839 0.426 0.426 1.000 1 1 1 1 1 1 1 1 1 0 1 1 1 1 0 0 0 0 0 0 0 0 0
