param 24
inputNames 1 QLab_1
inputNames 2 QLab_2
inputNames 3 QLab_3
inputNames 4 QLab_4
inputNames 5 QLab_5
inputNames 6 QLab_6
inputNames 7 QLab_7
inputNames 8 QLab_8
inputNames 9 QLab_9
inputNames 10 QLab_10
inputNames 11 QLab_11
inputNames 12 QLab_12
inputNames 13 QLab_13
inputNames 14 QLab_14
inputNames 15 QLab_15
inputNames 16 QLab_16
inputNames 17 QLab_17
inputNames 18 QLab_18
inputNames 19 QLab_19
inputNames 20 QLab_20
inputNames 21 QLab_21
inputNames 22 QLab_22
inputNames 23 input_23
inputNames 24 input_24
inputNames 25 input_25
inputNames 26 input_26
inputNames 27 Hall_L
inputNames 28 Hall_R
inputNames 29 Room_L
inputNames 30 Room_R
inputNames 31 Rvb_DwnS_L
inputNames 32 Rvb_DwnS_R
inputNames 33 Rvb_UpS_L
inputNames 34 Rvb_UpS_R
inputOffset 1 0.000 0.000 0.000
inputJitter 1 0.000
inputLFO 1 0 1.000 0 0 1.000 0 0 1.000 0 0 1.000 0
1 0.000 0.000 0 1 0.000 2.000 0.000 1 1 1 0 0 0 0 0.000 -0.900 360 0 0.000 0 0 1.500 0.000 0 24.621 17.440 20.887 14.483 17.440 12.374 14.483 11.586 12.374 22.107 21.724 15.666 13.034 15.666 27.555 18.883 27.555 18.883 17.440 12.374 27.858 25.001 15.206 0.141 0.250 0.190 0.316 0.250 0.374 0.316 0.398 0.374 0.172 0.178 0.288 0.355 0.288 0.112 0.223 0.112 0.223 0.250 0.374 0.109 0.137 0.299 0.746 0.812 0.780 0.841 0.812 0.863 0.841 0.871 0.863 1.000 0.841 0.883 0.902 0.883 0.578 0.687 0.518 0.637 0.660 0.782 0.515 0.551 1.000 1 1 1 1 1 1 1 1 1 1 1 1 1 1 1 1 1 1 1 1 1 1 1
inputOffset 2 0.000 0.000 0.000
inputJitter 2 0.000
inputLFO 2 0 1.000 0 0 1.000 0 0 1.000 0 0 1.000 0
2 0.000 0.000 0 1 -2.000 6.000 0.000 1 1 1 0 0 0 0 0.000 -0.900 360 0 0.000 0 0 1.500 0.000 0 17.440 24.621 14.483 20.887 12.374 17.440 11.586 14.483 12.374 15.395 15.666 13.034 15.666 21.724 18.883 27.555 18.883 27.555 12.374 17.440 25.001 27.858 21.861 0.250 0.141 0.316 0.190 0.374 0.250 0.398 0.316 0.374 0.294 0.288 0.355 0.288 0.178 0.223 0.112 0.223 0.112 0.374 0.250 0.137 0.109 0.176 0.812 0.746 0.841 0.780 0.863 0.812 0.871 0.841 0.863 1.000 0.883 0.902 0.883 0.841 0.687 0.578 0.637 0.518 0.744 0.707 0.551 0.515 1.000 1 1 1 1 1 1 1 1 1 1 1 1 1 1 1 1 1 1 1 1 1 1 1
inputOffset 3 0.000 0.000 0.000
inputJitter 3 0.000
inputLFO 3 0 1.000 0 0 1.000 0 0 1.000 0 0 1.000 0
3 0.000 0.000 0 1 4.000 4.000 0.000 1 1 1 0 0 0 0 0.000 -0.900 360 0 0.000 0 0 1.500 0.000 0 17.440 17.440 13.115 13.115 8.810 8.810 4.580 4.580 1.448 14.555 13.352 5.222 5.222 13.352 25.908 25.908 24.748 24.748 8.810 8.810 35.828 35.828 14.267 0.616 0.616 0.694 0.694 0.783 0.783 0.880 0.880 0.961 0.667 0.690 0.865 0.865 0.690 0.486 0.486 0.502 0.502 0.783 0.783 0.369 0.369 0.672 0.812 0.812 0.855 0.855 0.900 0.900 0.947 0.947 0.983 1.000 0.899 0.959 0.959 0.899 0.598 0.598 0.554 0.554 0.811 0.839 0.426 0.426 1.000 1 1 1 1 1 1 1 1 1 1 1 1 1 1 1 1 1 1 1 1 1 1 1
inputOffset 4 0.000 0.000 0.000
inputJitter 4 0.000
inputLFO 4 0 1.000 0 0 1.000 0 0 1.000 0 0 1.000 0
4 0.000 0.000 0 1 -8.000 10.000 5.000 1 1 1 0 0 0 100 0.000 -0.700 360 0 0.000 0 0 1.500 0.000 0 17.440 17.440 13.115 13.115 8.810 8.810 4.580 4.580 1.448 14.555 13.352 5.222 5.222 13.352 25.908 25.908 24.748 24.748 8.810 8.810 35.828 35.828 14.267 0.616 0.616 0.694 0.694 0.783 0.783 0.880 0.880 0.961 0.667 0.690 0.865 0.865 0.690 0.486 0.486 0.502 0.502 0.783 0.783 0.369 0.369 0.672 0.812 0.812 0.855 0.855 0.900 0.900 0.947 0.947 0.983 1.000 0.899 0.959 0.959 0.899 0.598 0.598 0.554 0.554 0.811 0.839 0.426 0.426 1.000 1 1 1 1 1 1 1 1 1 1 1 1 1 1 1 1 1 1 1 1 1 1 1
inputOffset 5 0.000 0.000 0.000
inputJitter 5 0.000
inputLFO 5 0 1.000 0 0 1.000 0 0 1.000 0 0 1.000 0
5 0.000 0.000 0 1 0.000 0.000 0.000 1 1 1 0 0 0 0 0.000 -0.700 360 0 0.000 0 0 1.500 0.000 0 17.440 17.440 13.115 13.115 8.810 8.810 4.580 4.580 1.448 14.555 13.352 5.222 5.222 13.352 25.908 25.908 24.748 24.748 8.810 8.810 35.828 35.828 14.267 0.616 0.616 0.694 0.694 0.783 0.783 0.880 0.880 0.961 0.667 0.690 0.865 0.865 0.690 0.486 0.486 0.502 0.502 0.783 0.783 0.369 0.369 0.672 0.812 0.812 0.855 0.855 0.900 0.900 0.947 0.947 0.983 1.000 0.899 0.959 0.959 0.899 0.598 0.598 0.554 0.554 0.811 0.839 0.426 0.426 1.000 1 1 1 1 1 1 1 1 1 1 1 1 1 1 1 1 1 1 1 1 1 1 1
inputOffset 6 0.000 0.000 0.000
inputJitter 6 0.000
inputLFO 6 0 1.000 0 0 1.000 0 0 1.000 0 0 1.000 0
6 0.000 0.000 0 1 0.000 6.000 0.000 1 1 1 0 0 0 0 0.000 -0.700 360 0 0.000 0 0 1.500 0.000 0 17.440 17.440 13.115 13.115 8.810 8.810 4.580 4.580 1.448 14.555 13.352 5.222 5.222 13.352 25.908 25.908 24.748 24.748 8.810 8.810 35.828 35.828 14.267 0.616 0.616 0.694 0.694 0.783 0.783 0.880 0.880 0.961 0.667 0.690 0.865 0.865 0.690 0.486 0.486 0.502 0.502 0.783 0.783 0.369 0.369 0.672 0.812 0.812 0.855 0.855 0.900 0.900 0.947 0.947 0.983 1.000 0.899 0.959 0.959 0.899 0.598 0.598 0.554 0.554 0.811 0.839 0.426 0.426 1.000 1 1 1 1 1 1 1 1 1 1 1 1 1 1 1 1 1 1 1 1 1 1 1
inputOffset 7 0.000 0.000 0.000
inputJitter 7 0.000
inputLFO 7 0 1.000 0 0 1.000 0 0 1.000 0 0 1.000 0
7 0.000 0.000 0 1 -6.000 10.000 0.000 1 1 1 0 0 0 0 0.000 -0.300 360 0 0.000 0 0 1.500 0.000 0 17.440 17.440 13.115 13.115 8.810 8.810 4.580 4.580 1.448 14.555 13.352 5.222 5.222 13.352 25.908 25.908 24.748 24.748 8.810 8.810 35.828 35.828 14.267 0.616 0.616 0.694 0.694 0.783 0.783 0.880 0.880 0.961 0.667 0.690 0.865 0.865 0.690 0.486 0.486 0.502 0.502 0.783 0.783 0.369 0.369 0.672 0.812 0.812 0.855 0.855 0.900 0.900 0.947 0.947 0.983 1.000 0.899 0.959 0.959 0.899 0.598 0.598 0.554 0.554 0.811 0.839 0.426 0.426 1.000 1 1 1 1 1 1 1 1 1 1 1 1 1 1 1 1 1 1 1 1 1 1 1
inputOffset 8 0.000 0.000 0.000
inputJitter 8 0.000
inputLFO 8 0 1.000 0 0 1.000 0 0 1.000 0 0 1.000 0
8 0.000 0.000 0 1 6.000 10.000 0.000 1 1 1 0 0 0 0 0.000 -0.300 360 0 0.000 0 0 1.500 0.000 0 17.440 17.440 13.115 13.115 8.810 8.810 4.580 4.580 1.448 14.555 13.352 5.222 5.222 13.352 25.908 25.908 24.748 24.748 8.810 8.810 35.828 35.828 14.267 0.616 0.616 0.694 0.694 0.783 0.783 0.880 0.880 0.961 0.667 0.690 0.865 0.865 0.690 0.486 0.486 0.502 0.502 0.783 0.783 0.369 0.369 0.672 0.812 0.812 0.855 0.855 0.900 0.900 0.947 0.947 0.983 1.000 0.899 0.959 0.959 0.899 0.598 0.598 0.554 0.554 0.811 0.839 0.426 0.426 1.000 1 1 1 1 1 1 1 1 1 1 1 1 1 1 1 1 1 1 1 1 1 1 1
inputOffset 9 0.000 0.000 0.000
inputJitter 9 0.000
inputLFO 9 0 1.000 0 0 1.000 0 0 1.000 0 0 1.000 0
9 0.000 0.000 0 1 -5.000 5.000 0.000 1 1 1 0 0 0 0 0.000 -0.700 360 0 0.000 0 0 1.500 0.000 0 17.440 17.440 13.115 13.115 8.810 8.810 4.580 4.580 1.448 14.555 13.352 5.222 5.222 13.352 25.908 25.908 24.748 24.748 8.810 8.810 35.828 35.828 14.267 0.616 0.616 0.694 0.694 0.783 0.783 0.880 0.880 0.961 0.667 0.690 0.865 0.865 0.690 0.486 0.486 0.502 0.502 0.783 0.783 0.369 0.369 0.672 0.812 0.812 0.855 0.855 0.900 0.900 0.947 0.947 0.983 1.000 0.899 0.959 0.959 0.899 0.598 0.598 0.554 0.554 0.811 0.839 0.426 0.426 1.000 1 1 1 1 1 1 1 1 1 1 1 1 1 1 1 1 1 1 1 1 1 1 1
inputOffset 10 0.000 0.000 0.000
inputJitter 10 0.000
inputLFO 10 0 1.000 0 0 1.000 0 0 1.000 0 0 1.000 0
10 0.000 0.000 0 1 0.000 10.000 5.000 1 1 1 0 0 0 100 0.000 -0.100 360 0 0.000 0 0 1.500 0.000 0 17.440 17.440 13.115 13.115 8.810 8.810 4.580 4.580 1.448 14.555 13.352 5.222 5.222 13.352 25.908 25.908 24.748 24.748 8.810 8.810 35.828 35.828 14.267 0.616 0.616 0.694 0.694 0.783 0.783 0.880 0.880 0.961 0.667 0.690 0.865 0.865 0.690 0.486 0.486 0.502 0.502 0.783 0.783 0.369 0.369 0.672 0.812 0.812 0.855 0.855 0.900 0.900 0.947 0.947 0.983 1.000 0.899 0.959 0.959 0.899 0.598 0.598 0.554 0.554 0.811 0.839 0.426 0.426 1.000 1 1 1 1 1 1 1 1 1 1 1 1 1 1 1 1 1 1 1 1 1 1 1
inputOffset 11 0.000 0.000 0.000
inputJitter 11 0.000
inputLFO 11 0 1.000 0 0 1.000 0 0 1.000 0 0 1.000 0
11 0.000 0.000 0 1 -2.000 9.000 5.000 1 1 1 0 0 0 100 0.000 -0.700 360 0 0.000 0 0 1.500 0.000 0 17.440 17.440 13.115 13.115 8.810 8.810 4.580 4.580 1.448 14.555 13.352 5.222 5.222 13.352 25.908 25.908 24.748 24.748 8.810 8.810 35.828 35.828 14.267 0.616 0.616 0.694 0.694 0.783 0.783 0.880 0.880 0.961 0.667 0.690 0.865 0.865 0.690 0.486 0.486 0.502 0.502 0.783 0.783 0.369 0.369 0.672 0.812 0.812 0.855 0.855 0.900 0.900 0.947 0.947 0.983 1.000 0.899 0.959 0.959 0.899 0.598 0.598 0.554 0.554 0.811 0.839 0.426 0.426 1.000 1 1 1 1 1 1 1 1 1 1 1 1 1 1 1 1 1 1 1 1 1 1 1
inputOffset 12 0.000 0.000 0.000
inputJitter 12 0.000
inputLFO 12 0 1.000 0 0 1.000 0 0 1.000 0 0 1.000 0
12 0.000 0.000 0 1 2.000 9.000 5.000 1 1 1 0 0 0 100 0.000 -0.700 360 0 0.000 0 0 1.500 0.000 0 17.440 17.440 13.115 13.115 8.810 8.810 4.580 4.580 1.448 14.555 13.352 5.222 5.222 13.352 25.908 25.908 24.748 24.748 8.810 8.810 35.828 35.828 14.267 0.616 0.616 0.694 0.694 0.783 0.783 0.880 0.880 0.961 0.667 0.690 0.865 0.865 0.690 0.486 0.486 0.502 0.502 0.783 0.783 0.369 0.369 0.672 0.812 0.812 0.855 0.855 0.900 0.900 0.947 0.947 0.983 1.000 0.899 0.959 0.959 0.899 0.598 0.598 0.554 0.554 0.811 0.839 0.426 0.426 1.000 1 1 1 1 1 1 1 1 1 1 1 1 1 1 1 1 1 1 1 1 1 1 1
inputOffset 13 0.000 0.000 0.000
inputJitter 13 0.000
inputLFO 13 0 1.000 0 0 1.000 0 0 1.000 0 0 1.000 0
13 0.000 0.000 0 1 4.000 7.000 0.000 1 1 1 0 0 0 0 0.000 -0.900 360 0 0.000 0 0 1.500 0.000 0 17.440 17.440 13.115 13.115 8.810 8.810 4.580 4.580 1.448 14.555 13.352 5.222 5.222 13.352 25.908 25.908 24.748 24.748 8.810 8.810 35.828 35.828 14.267 0.616 0.616 0.694 0.694 0.783 0.783 0.880 0.880 0.961 0.667 0.690 0.865 0.865 0.690 0.486 0.486 0.502 0.502 0.783 0.783 0.369 0.369 0.672 0.812 0.812 0.855 0.855 0.900 0.900 0.947 0.947 0.983 1.000 0.899 0.959 0.959 0.899 0.598 0.598 0.554 0.554 0.811 0.839 0.426 0.426 1.000 1 1 1 1 1 1 1 1 1 1 1 1 1 1 1 1 1 1 1 1 1 1 1
inputOffset 14 0.000 0.000 0.000
inputJitter 14 0.000
inputLFO 14 0 1.000 0 0 1.000 0 0 1.000 0 0 1.000 0
14 0.000 0.000 0 1 0.000 0.000 0.000 1 1 1 0 0 0 0 0.000 -0.700 360 0 0.000 0 0 1.500 0.000 0 17.440 17.440 13.115 13.115 8.810 8.810 4.580 4.580 1.448 14.555 13.352 5.222 5.222 13.352 25.908 25.908 24.748 24.748 8.810 8.810 35.828 35.828 14.267 0.616 0.616 0.694 0.694 0.783 0.783 0.880 0.880 0.961 0.667 0.690 0.865 0.865 0.690 0.486 0.486 0.502 0.502 0.783 0.783 0.369 0.369 0.672 0.812 0.812 0.855 0.855 0.900 0.900 0.947 0.947 0.983 1.000 0.899 0.959 0.959 0.899 0.598 0.598 0.554 0.554 0.811 0.839 0.426 0.426 1.000 1 1 1 1 1 1 1 1 1 1 1 1 1 1 1 1 1 1 1 1 1 1 1
inputOffset 15 0.000 0.000 0.000
inputJitter 15 0.000
inputLFO 15 0 1.000 0 0 1.000 0 0 1.000 0 0 1.000 0
15 0.000 0.000 0 1 0.000 0.000 0.000 1 1 1 0 0 0 0 0.000 -0.700 360 0 0.000 0 0 1.500 0.000 0 17.440 17.440 13.115 13.115 8.810 8.810 4.580 4.580 1.448 14.555 13.352 5.222 5.222 13.352 25.908 25.908 24.748 24.748 8.810 8.810 35.828 35.828 14.267 0.616 0.616 0.694 0.694 0.783 0.783 0.880 0.880 0.961 0.667 0.690 0.865 0.865 0.690 0.486 0.486 0.502 0.502 0.783 0.783 0.369 0.369 0.672 0.812 0.812 0.855 0.855 0.900 0.900 0.947 0.947 0.983 1.000 0.899 0.959 0.959 0.899 0.598 0.598 0.554 0.554 0.811 0.839 0.426 0.426 1.000 1 1 1 1 1 1 1 1 1 1 1 1 1 1 1 1 1 1 1 1 1 1 1
inputOffset 16 0.000 0.000 0.000
inputJitter 16 0.000
inputLFO 16 0 1.000 0 0 1.000 0 0 1.000 0 0 1.000 0
16 0.000 0.000 0 1 0.000 0.000 0.000 1 1 1 0 0 0 0 0.000 -0.700 360 0 0.000 0 0 1.500 0.000 0 17.440 17.440 13.115 13.115 8.810 8.810 4.580 4.580 1.448 14.555 13.352 5.222 5.222 13.352 25.908 25.908 24.748 24.748 8.810 8.810 35.828 35.828 14.267 0.616 0.616 0.694 0.694 0.783 0.783 0.880 0.880 0.961 0.667 0.690 0.865 0.865 0.690 0.486 0.486 0.502 0.502 0.783 0.783 0.369 0.369 0.672 0.812 0.812 0.855 0.855 0.900 0.900 0.947 0.947 0.983 1.000 0.899 0.959 0.959 0.899 0.598 0.598 0.554 0.554 0.811 0.839 0.426 0.426 1.000 1 1 1 1 1 1 1 1 1 1 1 1 1 1 1 1 1 1 1 1 1 1 1
inputOffset 17 0.000 0.000 0.000
inputJitter 17 0.000
inputLFO 17 0 1.000 0 0 1.000 0 0 1.000 0 0 1.000 0
17 0.000 0.000 0 1 0.000 0.000 0.000 1 1 1 0 0 0 0 0.000 -0.700 360 0 0.000 0 0 1.500 0.000 0 17.440 17.440 13.115 13.115 8.810 8.810 4.580 4.580 1.448 14.555 13.352 5.222 5.222 13.352 25.908 25.908 24.748 24.748 8.810 8.810 35.828 35.828 14.267 0.616 0.616 0.694 0.694 0.783 0.783 0.880 0.880 0.961 0.667 0.690 0.865 0.865 0.690 0.486 0.486 0.502 0.502 0.783 0.783 0.369 0.369 0.672 0.812 0.812 0.855 0.855 0.900 0.900 0.947 0.947 0.983 1.000 0.899 0.959 0.959 0.899 0.598 0.598 0.554 0.554 0.811 0.839 0.426 0.426 1.000 1 1 1 1 1 1 1 1 1 1 1 1 1 1 1 1 1 1 1 1 1 1 1
inputOffset 18 0.000 0.000 0.000
inputJitter 18 0.000
inputLFO 18 0 1.000 0 0 1.000 0 0 1.000 0 0 1.000 0
18 0.000 0.000 0 1 0.000 0.000 0.000 1 1 1 0 0 0 0 0.000 -0.700 360 0 0.000 0 0 1.500 0.000 0 17.440 17.440 13.115 13.115 8.810 8.810 4.580 4.580 1.448 14.555 13.352 5.222 5.222 13.352 25.908 25.908 24.748 24.748 8.810 8.810 35.828 35.828 14.267 0.616 0.616 0.694 0.694 0.783 0.783 0.880 0.880 0.961 0.667 0.690 0.865 0.865 0.690 0.486 0.486 0.502 0.502 0.783 0.783 0.369 0.369 0.672 0.812 0.812 0.855 0.855 0.900 0.900 0.947 0.947 0.983 1.000 0.899 0.959 0.959 0.899 0.598 0.598 0.554 0.554 0.811 0.839 0.426 0.426 1.000 1 1 1 1 1 1 1 1 1 1 1 1 1 1 1 1 1 1 1 1 1 1 1
inputOffset 19 0.000 0.000 0.000
inputJitter 19 0.000
inputLFO 19 0 1.000 0 0 1.000 0 0 1.000 0 0 1.000 0
19 0.000 0.000 0 1 0.000 0.000 0.000 1 1 1 0 0 0 0 0.000 -0.700 360 0 0.000 0 0 1.500 0.000 0 17.440 17.440 13.115 13.115 8.810 8.810 4.580 4.580 1.448 14.555 13.352 5.222 5.222 13.352 25.908 25.908 24.748 24.748 8.810 8.810 35.828 35.828 14.267 0.616 0.616 0.694 0.694 0.783 0.783 0.880 0.880 0.961 0.667 0.690 0.865 0.865 0.690 0.486 0.486 0.502 0.502 0.783 0.783 0.369 0.369 0.672 0.812 0.812 0.855 0.855 0.900 0.900 0.947 0.947 0.983 1.000 0.899 0.959 0.959 0.899 0.598 0.598 0.554 0.554 0.811 0.839 0.426 0.426 1.000 1 1 1 1 1 1 1 1 1 1 1 1 1 1 1 1 1 1 1 1 1 1 1
inputOffset 20 0.000 0.000 0.000
inputJitter 20 0.000
inputLFO 20 0 1.000 0 0 1.000 0 0 1.000 0 0 1.000 0
20 0.000 0.000 0 1 0.000 0.000 0.000 1 1 1 0 0 0 0 0.000 -0.700 360 0 0.000 0 0 1.500 0.000 0 17.440 17.440 13.115 13.115 8.810 8.810 4.580 4.580 1.448 14.555 13.352 5.222 5.222 13.352 25.908 25.908 24.748 24.748 8.810 8.810 35.828 35.828 14.267 0.616 0.616 0.694 0.694 0.783 0.783 0.880 0.880 0.961 0.667 0.690 0.865 0.865 0.690 0.486 0.486 0.502 0.502 0.783 0.783 0.369 0.369 0.672 0.812 0.812 0.855 0.855 0.900 0.900 0.947 0.947 0.983 1.000 0.899 0.959 0.959 0.899 0.598 0.598 0.554 0.554 0.811 0.839 0.426 0.426 1.000 1 1 1 1 1 1 1 1 1 1 1 1 1 1 1 1 1 1 1 1 1 1 1
inputOffset 21 0.000 0.000 0.000
inputJitter 21 0.000
inputLFO 21 0 1.000 0 0 1.000 0 0 1.000 0 0 1.000 0
21 0.000 0.000 0 1 0.000 0.000 0.000 1 1 1 0 0 0 0 0.000 -0.700 360 0 0.000 0 0 1.500 0.000 0 17.440 17.440 13.115 13.115 8.810 8.810 4.580 4.580 1.448 14.555 13.352 5.222 5.222 13.352 25.908 25.908 24.748 24.748 8.810 8.810 35.828 35.828 14.267 0.616 0.616 0.694 0.694 0.783 0.783 0.880 0.880 0.961 0.667 0.690 0.865 0.865 0.690 0.486 0.486 0.502 0.502 0.783 0.783 0.369 0.369 0.672 0.812 0.812 0.855 0.855 0.900 0.900 0.947 0.947 0.983 1.000 0.899 0.959 0.959 0.899 0.598 0.598 0.554 0.554 0.811 0.839 0.426 0.426 1.000 1 1 1 1 1 1 1 1 1 1 1 1 1 1 1 1 1 1 1 1 1 1 1
inputOffset 22 0.000 0.000 0.000
inputJitter 22 0.000
inputLFO 22 0 1.000 0 0 1.000 0 0 1.000 0 0 1.000 0
22 0.000 0.000 0 1 0.000 0.000 0.000 1 1 1 0 0 0 0 0.000 -0.700 360 0 0.000 0 0 1.500 0.000 0 17.440 17.440 13.115 13.115 8.810 8.810 4.580 4.580 1.448 14.555 13.352 5.222 5.222 13.352 25.908 25.908 24.748 24.748 8.810 8.810 35.828 35.828 14.267 0.616 0.616 0.694 0.694 0.783 0.783 0.880 0.880 0.961 0.667 0.690 0.865 0.865 0.690 0.486 0.486 0.502 0.502 0.783 0.783 0.369 0.369 0.672 0.812 0.812 0.855 0.855 0.900 0.900 0.947 0.947 0.983 1.000 0.899 0.959 0.959 0.899 0.598 0.598 0.554 0.554 0.811 0.839 0.426 0.426 1.000 1 1 1 1 1 1 1 1 1 1 1 1 1 1 1 1 1 1 1 1 1 1 1
inputOffset 23 0.000 0.000 0.000
inputJitter 23 0.000
inputLFO 23 0 1.000 0 0 1.000 0 0 1.000 0 0 1.000 0
23 0.000 0.000 0 1 0.000 0.000 0.000 1 1 1 0 0 0 0 0.000 -0.700 360 0 0.000 0 0 1.500 0.000 0 17.440 17.440 13.115 13.115 8.810 8.810 4.580 4.580 1.448 14.555 13.352 5.222 5.222 13.352 25.908 25.908 24.748 24.748 8.810 8.810 35.828 35.828 14.267 0.616 0.616 0.694 0.694 0.783 0.783 0.880 0.880 0.961 0.667 0.690 0.865 0.865 0.690 0.486 0.486 0.502 0.502 0.783 0.783 0.369 0.369 0.672 0.812 0.812 0.855 0.855 0.900 0.900 0.947 0.947 0.983 1.000 0.899 0.959 0.959 0.899 0.598 0.598 0.554 0.554 0.811 0.839 0.426 0.426 1.000 1 1 1 1 1 1 1 1 1 1 1 1 1 1 1 1 1 1 1 1 1 1 1
inputOffset 24 0.000 0.000 0.000
inputJitter 24 0.000
inputLFO 24 0 1.000 0 0 1.000 0 0 1.000 0 0 1.000 0
24 0.000 0.000 0 1 0.000 0.000 0.000 1 1 1 0 0 0 0 0.000 -0.700 360 0 0.000 0 0 1.500 0.000 0 17.440 17.440 13.115 13.115 8.810 8.810 4.580 4.580 1.448 14.555 13.352 5.222 5.222 13.352 25.908 25.908 24.748 24.748 8.810 8.810 35.828 35.828 14.267 0.616 0.616 0.694 0.694 0.783 0.783 0.880 0.880 0.961 0.667 0.690 0.865 0.865 0.690 0.486 0.486 0.502 0.502 0.783 0.783 0.369 0.369 0.672 0.812 0.812 0.855 0.855 0.900 0.900 0.947 0.947 0.983 1.000 0.899 0.959 0.959 0.899 0.598 0.598 0.554 0.554 0.811 0.839 0.426 0.426 1.000 1 1 1 1 1 1 1 1 1 1 1 1 1 1 1 1 1 1 1 1 1 1 1
inputOffset 25 0.000 0.000 0.000
inputJitter 25 0.000
inputLFO 25 0 1.000 0 0 1.000 0 0 1.000 0 0 1.000 0
25 0.000 0.000 0 1 0.000 0.000 0.000 1 1 1 0 0 0 0 0.000 -0.700 360 0 0.000 0 0 1.500 0.000 0 17.440 17.440 13.115 13.115 8.810 8.810 4.580 4.580 1.448 14.555 13.352 5.222 5.222 13.352 25.908 25.908 24.748 24.748 8.810 8.810 35.828 35.828 14.267 0.616 0.616 0.694 0.694 0.783 0.783 0.880 0.880 0.961 0.667 0.690 0.865 0.865 0.690 0.486 0.486 0.502 0.502 0.783 0.783 0.369 0.369 0.672 0.812 0.812 0.855 0.855 0.900 0.900 0.947 0.947 0.983 1.000 0.899 0.959 0.959 0.899 0.598 0.598 0.554 0.554 0.811 0.839 0.426 0.426 1.000 1 1 1 1 1 1 1 1 1 1 1 1 1 1 1 1 1 1 1 1 1 1 1
inputOffset 26 0.000 0.000 0.000
inputJitter 26 0.000
inputLFO 26 0 1.000 0 0 1.000 0 0 1.000 0 0 1.000 0
26 0.000 0.000 0 1 0.000 0.000 0.000 1 1 1 0 0 0 0 0.000 -0.700 360 0 0.000 0 0 1.500 0.000 0 17.440 17.440 13.115 13.115 8.810 8.810 4.580 4.580 1.448 14.555 13.352 5.222 5.222 13.352 25.908 25.908 24.748 24.748 8.810 8.810 35.828 35.828 14.267 0.616 0.616 0.694 0.694 0.783 0.783 0.880 0.880 0.961 0.667 0.690 0.865 0.865 0.690 0.486 0.486 0.502 0.502 0.783 0.783 0.369 0.369 0.672 0.812 0.812 0.855 0.855 0.900 0.900 0.947 0.947 0.983 1.000 0.899 0.959 0.959 0.899 0.598 0.598 0.554 0.554 0.811 0.839 0.426 0.426 1.000 1 1 1 1 1 1 1 1 1 1 1 1 1 1 1 1 1 1 1 1 1 1 1
inputOffset 27 0.000 0.000 0.000
inputJitter 27 0.000
inputLFO 27 0 1.000 0 0 1.000 0 0 1.000 0 0 1.000 0
27 0.000 0.000 0 1 12.000 6.000 4.000 0 0 0 1 0 0 0 0.000 -0.700 360 0 0.000 0 0 1.500 0.000 0 25.623 55.433 28.747 51.368 32.157 47.352 35.770 43.400 39.530 27.669 29.716 36.553 44.048 51.916 12.954 58.220 14.483 58.579 32.157 47.352 31.331 46.795 52.448 0.490 0.214 0.449 0.239 0.409 0.268 0.370 0.299 0.333 0.463 0.437 0.362 0.294 0.236 0.000 0.198 0.000 0.196 0.409 0.268 0.418 0.272 0.232 0.737 0.516 0.710 0.542 0.682 0.569 0.653 0.596 0.624 1.000 0.790 0.748 0.705 0.662 0.773 0.314 0.708 0.247 0.464 0.390 0.474 0.328 1.000 1 1 1 1 1 1 1 1 1 0 1 1 1 1 0 0 0 0 0 0 0 0 0
inputOffset 28 0.000 0.000 0.000
inputJitter 28 0.000
inputLFO 28 0 1.000 0 0 1.000 0 0 1.000 0 0 1.000 0
28 0.000 0.000 0 1 12.000 6.000 4.000 0 0 0 0 0 0 0 0.000 -0.700 360 0 0.000 0 0 1.500 0.000 0 55.433 25.623 51.368 28.747 47.352 32.157 43.400 35.770 39.530 52.718 51.916 44.048 36.553 29.716 58.220 12.954 58.579 14.483 47.352 32.157 46.795 31.331 27.882 0.214 0.490 0.239 0.449 0.268 0.409 0.299 0.370 0.333 0.231 0.236 0.294 0.362 0.437 0.198 0.000 0.196 0.000 0.268 0.409 0.272 0.418 0.460 0.516 0.737 0.542 0.710 0.569 0.682 0.596 0.653 0.624 1.000 0.662 0.705 0.748 0.790 0.314 0.773 0.247 0.708 0.323 0.528 0.328 0.474 1.000 1 1 1 1 1 1 1 1 1 0 1 1 1 1 0 0 0 0 0 0 0 0 0
inputOffset 29 0.000 0.000 0.000
inputJitter 29 0.000
inputLFO 29 0 1.000 0 0 1.000 0 0 1.000 0 0 1.000 0
29 0.000 0.000 0 1 10.000 4.000 2.000 0 0 0 1 0 0 0 0.000 -0.700 360 0 0.000 0 0 1.500 0.000 0 17.440 48.143 20.584 43.976 24.104 39.847 27.858 35.770 31.763 19.485 21.530 28.564 36.323 44.427 5.793 52.138 6.477 52.218 24.104 39.847 30.791 44.214 45.084 0.616 0.262 0.564 0.294 0.511 0.330 0.461 0.370 0.413 0.582 0.549 0.452 0.364 0.291 0.000 0.234 0.000 0.234 0.511 0.330 0.425 0.292 0.285 0.812 0.563 0.782 0.592 0.750 0.622 0.717 0.653 0.685 1.000 0.843 0.797 0.749 0.702 0.891 0.355 0.857 0.288 0.563 0.453 0.480 0.348 1.000 1 1 1 1 1 1 1 1 1 0 1 1 1 1 0 0 0 0 0 0 0 0 0
inputOffset 30 0.000 0.000 0.000
inputJitter 30 0.000
inputLFO 30 0 1.000 0 0 1.000 0 0 1.000 0 0 1.000 0
30 0.000 0.000 0 1 10.000 4.000 2.000 0 0 0 0 0 0 0 0.000 -0.700 360 0 0.000 0 0 1.500 0.000 0 48.143 17.440 43.976 20.584 39.847 24.104 35.770 27.858 31.763 45.361 44.427 36.323 28.564 21.530 52.138 5.793 52.218 6.477 39.847 24.104 44.214 30.791 19.701 0.262 0.616 0.294 0.564 0.330 0.511 0.370 0.461 0.413 0.283 0.291 0.364 0.452 0.549 0.234 0.000 0.234 0.000 0.330 0.511 0.292 0.425 0.578 0.563 0.812 0.592 0.782 0.622 0.750 0.653 0.717 0.685 1.000 0.702 0.749 0.797 0.843 0.355 0.891 0.288 0.857 0.387 0.619 0.348 0.480 1.000 1 1 1 1 1 1 1 1 1 0 1 1 1 1 0 0 0 0 0 0 0 0 0
inputOffset 31 0.000 0.000 0.000
inputJitter 31 0.000
inputLFO 31 0 1.000 0 0 1.000 0 0 1.000 0 0 1.000 0
31 0.000 0.000 0 1 3.205 0.000 0.000 0 0 0 1 0 0 0 0.000 -0.700 360 0 0.000 0 0 1.500 0.000 0 8.224 26.702 4.021 22.365 1.565 18.031 5.147 13.705 9.396 5.397 4.739 5.725 13.933 22.505 18.087 34.462 16.383 33.599 1.565 18.031 34.764 39.130 23.521 0.795 0.365 0.894 0.491 0.957 0.606 0.867 0.683 0.770 0.861 0.876 0.853 0.679 0.535 0.605 0.383 0.634 0.393 0.957 0.606 0.380 0.337 0.452 0.907 0.727 0.953 0.766 0.982 0.807 0.940 0.849 0.894 1.000 0.963 0.956 0.895 0.836 0.698 0.504 0.677 0.449 0.963 0.699 0.436 0.393 1.000 1 1 1 1 1 1 1 1 1 0 1 1 1 1 0 0 0 0 0 0 0 0 0
inputOffset 32 0.000 0.000 0.000
inputJitter 32 0.000
inputLFO 32 0 1.000 0 0 1.000 0 0 1.000 0 0 1.000 0
32 0.000 0.000 0 1 3.205 0.000 0.000 0 0 0 0 0 0 0 0.000 -0.700 360 0 0.000 0 0 1.500 0.000 0 26.702 8.224 22.365 4.021 18.031 1.565 13.705 5.147 9.396 23.810 22.505 13.933 5.725 4.739 34.462 18.087 33.599 16.383 18.031 1.565 39.130 34.764 5.119 0.365 0.795 0.491 0.894 0.606 0.957 0.683 0.867 0.770 0.443 0.535 0.679 0.853 0.876 0.383 0.605 0.393 0.634 0.606 0.957 0.337 0.380 0.867 0.727 0.907 0.766 0.953 0.807 0.982 0.849 0.940 0.894 1.000 0.836 0.895 0.956 0.963 0.504 0.698 0.449 0.677 0.650 0.969 0.393 0.436 1.000 1 1 1 1 1 1 1 1 1 0 1 1 1 1 0 0 0 0 0 0 0 0 0
inputOffset 33 0.000 0.000 0.000
inputJitter 33 0.000
inputLFO 33 0 1.000 0 0 1.000 0 0 1.000 0 0 1.000 0
33 0.000 0.000 0 1 4.500 12.500 0.000 0 0 0 1 0 0 0 0.000 -0.700 360 0 0.000 0 0 1.500 0.000 0 37.905 48.404 37.655 45.799 37.905 43.472 38.645 41.472 39.847 37.683 39.103 40.057 42.792 46.997 26.626 43.785 29.325 45.477 37.905 43.472 4.580 21.772 46.468 0.348 0.260 0.351 0.280 0.348 0.298 0.341 0.315 0.330 0.350 0.337 0.328 0.304 0.270 0.477 0.296 0.442 0.282 0.348 0.298 0.000 0.000 0.274 0.636 0.561 0.638 0.579 0.636 0.595 0.631 0.610 0.622 1.000 0.733 0.727 0.712 0.688 0.589 0.419 0.497 0.338 0.405 0.421 0.897 0.595 1.000 1 1 1 1 1 1 1 1 1 0 1 1 1 1 0 0 0 0 0 0 0 0 0
inputOffset 34 0.000 0.000 0.000
inputJitter 34 0.000
inputLFO 34 0 1.000 0 0 1.000 0 0 1.000 0 0 1.000 0
34 0.000 0.000 0 1 4.500 12.500 0.000 0 0 0 0 0 0 0 0.000 -0.700 360 0 0.000 0 0 1.500 0.000 0 48.404 37.905 45.799 37.655 43.472 37.905 41.472 38.645 39.847 46.638 46.997 42.792 40.057 39.103 43.785 26.626 45.477 29.325 43.472 37.905 21.772 4.580 37.673 0.260 0.348 0.280 0.351 0.298 0.348 0.315 0.341 0.330 0.273 0.270 0.304 0.328 0.337 0.296 0.477 0.282 0.442 0.298 0.348 0.000 0.000 0.351 0.561 0.636 0.579 0.638 0.595 0.636 0.610 0.631 0.622 1.000 0.688 0.712 0.727 0.733 0.419 0.589 0.338 0.497 0.355 0.471 0.595 0.897 1.000 1 1 1 1 1 1 1 1 1 0 1 1 1 1 0 0 0 0 0 0 0 0 0
