param 24
inputNames 1 QLab_1
inputNames 2 QLab_2
inputNames 3 QLab_3
inputNames 4 QLab_4
inputNames 5 QLab_5
inputNames 6 QLab_6
inputNames 7 QLab_7
inputNames 8 QLab_8
inputNames 9 QLab_9
inputNames 10 QLab_10
inputNames 11 QLab_11
inputNames 12 QLab_12
inputNames 13 QLab_13
inputNames 14 QLab_14
inputNames 15 QLab_15
inputNames 16 QLab_16
inputNames 17 QLab_17
inputNames 18 QLab_18
inputNames 19 QLab_19
inputNames 20 QLab_20
inputNames 21 QLab_21
inputNames 22 QLab_22
inputNames 23 input_23
inputNames 24 input_24
inputNames 25 input_25
inputNames 26 input_26
inputNames 27 Hall_L
inputNames 28 Hall_R
inputNames 29 Room_L
inputNames 30 Room_R
inputNames 31 Rvb_DwnS_L
inputNames 32 Rvb_DwnS_R
inputNames 33 Rvb_UpS_L
inputNames 34 Rvb_UpS_R
inputOffset 1 0.000 0.000 0.000
inputJitter 1 0.000
inputLFO 1 0 1.000 0 0 1.000 0 0 1.000 0 0 1.000 0
1 0.000 0.000 0 1 0.000 0.000 0.000 1 1 1 0 0 0 0 0.000 -0.700 360 0 0.000 0 0 1.500 0.000 0 18.819 23.774 15.761 20.166 13.431 16.909 12.253 14.244 12.555 16.717 16.905 13.694 15.501 21.073 20.155 26.222 20.240 26.288 13.431 16.909 24.680 26.733 21.101 0.592 0.516 0.645 0.571 0.688 0.625 0.711 0.673 0.705 0.628 0.625 0.683 0.650 0.556 0.571 0.482 0.569 0.481 0.688 0.625 0.503 0.475 0.556 0.799 0.753 0.829 0.786 0.852 0.817 0.864 0.844 0.861 1.000 0.874 0.897 0.884 0.846 0.670 0.594 0.617 0.534 0.726 0.715 0.555 0.529 1.000 1 1 1 1 1 1 1 1 1 1 1 1 1 1 1 1 1 1 1 1 1 1 1
inputOffset 2 0.000 0.000 0.000
inputJitter 2 0.000
inputLFO 2 0 1.000 0 0 1.000 0 0 1.000 0 0 1.000 0
2 0.000 0.000 0 1 0.000 0.000 0.000 1 1 1 0 0 0 0 0.000 -0.700 360 0 0.000 0 0 1.500 0.000 0 22.443 21.259 19.107 18.063 16.255 15.439 14.182 13.718 13.258 20.177 20.138 15.542 15.120 19.150 23.918 22.429 24.117 22.641 16.255 15.439 24.832 24.305 18.870 0.536 0.554 0.588 0.605 0.636 0.651 0.674 0.683 0.692 0.570 0.571 0.649 0.657 0.587 0.514 0.536 0.511 0.533 0.636 0.651 0.501 0.509 0.592 0.765 0.776 0.796 0.806 0.824 0.832 0.844 0.849 0.854 1.000 0.852 0.884 0.887 0.859 0.622 0.640 0.563 0.583 0.679 0.736 0.553 0.560 1.000 1 1 1 1 1 1 1 1 1 1 1 1 1 1 1 1 1 1 1 1 1 1 1
inputOffset 3 0.000 0.000 0.000
inputJitter 3 0.000
inputLFO 3 0 1.000 0 0 1.000 0 0 1.000 0 0 1.000 0
3 0.000 0.000 0 1 0.000 0.000 0.000 1 1 1 0 0 0 0 0.000 -0.700 360 0 0.000 0 0 1.500 0.000 0 22.443 21.259 19.107 18.063 16.255 15.439 14.182 13.718 13.258 20.177 20.138 15.542 15.120 19.150 23.918 22.429 24.117 22.641 16.255 15.439 24.832 24.305 18.870 0.536 0.554 0.588 0.605 0.636 0.651 0.674 0.683 0.692 0.570 0.571 0.649 0.657 0.587 0.514 0.536 0.511 0.533 0.636 0.651 0.501 0.509 0.592 0.765 0.776 0.796 0.806 0.824 0.832 0.844 0.849 0.854 1.000 0.852 0.884 0.887 0.859 0.622 0.640 0.563 0.583 0.679 0.736 0.553 0.560 1.000 1 1 1 1 1 1 1 1 1 1 1 1 1 1 1 1 1 1 1 1 1 1 1
inputOffset 4 0.000 0.000 0.000
inputJitter 4 0.000
inputLFO 4 0 1.000 0 0 1.000 0 0 1.000 0 0 1.000 0
4 0.000 0.000 0 1 0.000 0.000 0.000 1 1 1 0 0 0 0 0.000 -0.700 360 0 0.000 0 0 1.500 0.000 0 14.033 24.660 10.779 20.605 8.555 16.697 8.244 13.067 10.024 11.786 11.905 9.670 14.011 21.216 17.951 29.504 17.378 29.159 8.555 16.697 28.251 31.681 21.675 0.677 0.504 0.741 0.564 0.788 0.628 0.795 0.695 0.757 0.720 0.718 0.764 0.677 0.554 0.607 0.440 0.617 0.444 0.788 0.628 0.456 0.414 0.547 0.846 0.745 0.879 0.782 0.903 0.819 0.906 0.856 0.887 1.000 0.910 0.926 0.895 0.845 0.700 0.556 0.661 0.499 0.815 0.718 0.510 0.470 1.000 1 1 1 1 1 1 1 1 1 1 1 1 1 1 1 1 1 1 1 1 1 1 1
inputOffset 5 0.000 0.000 0.000
inputJitter 5 0.000
inputLFO 5 0 1.000 0 0 1.000 0 0 1.000 0 0 1.000 0
5 0.000 0.000 0 1 0.000 0.000 0.000 1 1 1 0 0 0 0 0.000 -0.700 360 0 0.000 0 0 1.500 0.000 0 26.333 12.579 22.235 9.643 18.251 8.093 14.477 8.704 11.126 23.591 22.798 15.328 10.056 10.879 31.274 16.262 30.943 15.616 18.251 8.093 32.595 28.192 10.329 0.481 0.705 0.539 0.765 0.602 0.798 0.668 0.785 0.734 0.519 0.530 0.653 0.756 0.739 0.419 0.636 0.423 0.648 0.602 0.798 0.404 0.456 0.750 0.731 0.861 0.767 0.891 0.804 0.908 0.841 0.901 0.876 1.000 0.834 0.885 0.923 0.917 0.537 0.724 0.478 0.689 0.647 0.851 0.460 0.511 1.000 1 1 1 1 1 1 1 1 1 1 1 1 1 1 1 1 1 1 1 1 1 1 1
inputOffset 6 0.000 0.000 0.000
inputJitter 6 0.000
inputLFO 6 0 1.000 0 0 1.000 0 0 1.000 0 0 1.000 0
6 0.000 0.000 0 1 0.000 0.000 0.000 1 1 1 0 0 0 0 0.000 -0.700 360 0 0.000 0 0 1.500 0.000 0 24.324 17.866 20.626 14.870 17.234 12.680 14.364 11.756 12.385 21.832 21.484 15.571 13.204 16.039 27.122 19.296 27.139 19.321 17.234 12.680 27.517 24.919 15.607 0.508 0.608 0.563 0.661 0.619 0.703 0.671 0.721 0.709 0.545 0.550 0.648 0.693 0.640 0.470 0.585 0.470 0.584 0.619 0.703 0.465 0.500 0.648 0.748 0.808 0.782 0.838 0.814 0.860 0.843 0.869 0.863 1.000 0.843 0.884 0.900 0.880 0.583 0.681 0.523 0.631 0.663 0.777 0.519 0.552 1.000 1 1 1 1 1 1 1 1 1 1 1 1 1 1 1 1 1 1 1 1 1 1 1
inputOffset 7 0.000 0.000 0.000
inputJitter 7 0.000
inputLFO 7 0 1.000 0 0 1.000 0 0 1.000 0 0 1.000 0
7 0.000 0.000 0 1 0.000 0.000 0.000 1 1 1 0 0 0 0 0.000 -0.700 360 0 0.000 0 0 1.500 0.000 0 24.324 17.866 20.626 14.870 17.234 12.680 14.364 11.756 12.385 21.832 21.484 15.571 13.204 16.039 27.122 19.296 27.139 19.321 17.234 12.680 27.517 24.919 15.607 0.508 0.608 0.563 0.661 0.619 0.703 0.671 0.721 0.709 0.545 0.550 0.648 0.693 0.640 0.470 0.585 0.470 0.584 0.619 0.703 0.465 0.500 0.648 0.748 0.808 0.782 0.838 0.814 0.860 0.843 0.869 0.863 1.000 0.843 0.884 0.900 0.880 0.583 0.681 0.523 0.631 0.663 0.777 0.519 0.552 1.000 1 1 1 1 1 1 1 1 1 1 1 1 1 1 1 1 1 1 1 1 1 1 1
inputOffset 8 0.000 0.000 0.000
inputJitter 8 0.000
inputLFO 8 0 1.000 0 0 1.000 0 0 1.000 0 0 1.000 0
8 0.000 0.000 0 1 0.000 0.000 0.000 1 1 1 0 0 0 0 0.000 -0.700 360 0 0.000 0 0 1.500 0.000 0 19.396 17.485 15.338 13.505 11.491 9.839 8.161 6.999 6.238 16.674 15.974 9.302 8.301 14.224 25.146 23.202 24.512 22.514 11.491 9.839 31.579 31.017 14.546 0.588 0.620 0.657 0.691 0.730 0.764 0.800 0.826 0.843 0.634 0.646 0.775 0.797 0.678 0.503 0.530 0.512 0.540 0.730 0.764 0.422 0.428 0.672 0.794 0.812 0.833 0.851 0.872 0.889 0.907 0.920 0.928 1.000 0.881 0.929 0.936 0.893 0.607 0.631 0.557 0.585 0.760 0.822 0.471 0.477 1.000 1 1 1 1 1 1 1 1 1 1 1 1 1 1 1 1 1 1 1 1 1 1 1
inputOffset 9 0.000 0.000 0.000
inputJitter 9 0.000
inputLFO 9 0 1.000 0 0 1.000 0 0 1.000 0 0 1.000 0
9 0.000 0.000 0 1 0.000 0.000 0.000 1 1 1 0 0 0 0 0.000 -0.700 360 0 0.000 0 0 1.500 0.000 0 20.319 28.318 18.148 24.922 16.840 21.866 16.601 19.309 17.474 18.788 19.478 18.046 20.564 25.907 17.925 28.983 18.711 29.475 16.840 21.866 19.895 24.297 25.800 0.300 0.187 0.341 0.229 0.369 0.274 0.374 0.319 0.355 0.329 0.316 0.343 0.296 0.216 0.346 0.180 0.330 0.175 0.369 0.274 0.308 0.237 0.217 0.785 0.713 0.805 0.743 0.818 0.770 0.820 0.794 0.812 1.000 0.857 0.866 0.849 0.814 0.700 0.562 0.640 0.495 0.669 0.648 0.622 0.560 1.000 1 1 1 1 1 1 1 1 1 1 1 1 1 1 1 1 1 1 1 1 1 1 1
inputOffset 10 0.000 0.000 0.000
inputJitter 10 0.000
inputLFO 10 0 1.000 0 0 1.000 0 0 1.000 0 0 1.000 0
10 0.000 0.000 0 1 0.000 0.000 0.000 1 1 1 0 0 0 0 0.000 -0.700 360 0 0.000 0 0 1.500 0.000 0 20.319 28.318 18.148 24.922 16.840 21.866 16.601 19.309 17.474 18.788 19.478 18.046 20.564 25.907 17.925 28.983 18.711 29.475 16.840 21.866 19.895 24.297 25.800 0.300 0.187 0.341 0.229 0.369 0.274 0.374 0.319 0.355 0.329 0.316 0.343 0.296 0.216 0.346 0.180 0.330 0.175 0.369 0.274 0.308 0.237 0.217 0.785 0.713 0.805 0.743 0.818 0.770 0.820 0.794 0.812 1.000 0.857 0.866 0.849 0.814 0.700 0.562 0.640 0.495 0.669 0.648 0.622 0.560 1.000 1 1 1 1 1 1 1 1 1 1 1 1 1 1 1 1 1 1 1 1 1 1 1
inputOffset 11 0.000 0.000 0.000
inputJitter 11 0.000
inputLFO 11 0 1.000 0 0 1.000 0 0 1.000 0 0 1.000 0
11 0.000 0.000 0 1 0.000 0.000 0.000 1 1 1 0 0 0 0 0.000 -0.700 360 0 0.000 0 0 1.500 0.000 0 34.058 18.828 30.448 17.973 27.056 18.147 23.973 19.322 21.334 26.587 25.293 16.952 9.273 5.971 36.867 16.890 37.094 17.379 27.056 18.147 41.573 36.409 5.836 0.388 0.592 0.429 0.606 0.471 0.604 0.513 0.584 0.552 0.477 0.495 0.624 0.773 0.847 0.359 0.625 0.356 0.617 0.471 0.604 0.315 0.363 0.850 0.666 0.799 0.696 0.807 0.724 0.805 0.751 0.794 0.775 1.000 0.818 0.874 0.929 0.954 0.481 0.715 0.413 0.661 0.525 0.697 0.371 0.420 1.000 1 1 1 1 1 1 1 1 1 1 1 1 1 1 1 1 1 1 1 1 1 1 1
inputOffset 12 0.000 0.000 0.000
inputJitter 12 0.000
inputLFO 12 0 1.000 0 0 1.000 0 0 1.000 0 0 1.000 0
12 0.000 0.000 0 1 0.000 0.000 0.000 1 1 1 0 0 0 0 0.000 -0.700 360 0 0.000 0 0 1.500 0.000 0 31.796 33.342 29.857 31.096 28.454 29.325 27.669 28.120 27.555 30.448 31.197 29.110 29.539 32.384 26.109 28.564 27.820 30.137 28.454 29.325 11.311 13.352 31.652 0.413 0.395 0.436 0.421 0.453 0.442 0.463 0.457 0.465 0.429 0.420 0.445 0.440 0.406 0.484 0.452 0.461 0.432 0.453 0.442 0.730 0.690 0.415 0.491 0.484 0.500 0.494 0.506 0.502 0.509 0.507 0.510 0.715 0.556 0.562 0.561 0.553 0.442 0.424 0.379 0.361 0.360 0.398 0.764 0.727 0.717 1 1 1 1 1 1 1 1 1 1 1 1 1 1 1 1 1 1 1 1 1 1 1
inputOffset 13 0.000 0.000 0.000
inputJitter 13 0.000
inputLFO 13 0 1.000 0 0 1.000 0 0 1.000 0 0 1.000 0
13 0.000 0.000 0 1 0.000 0.000 0.000 1 1 1 0 0 0 0 0.000 -0.700 360 0 0.000 0 0 1.500 0.000 0 35.028 32.648 32.782 30.885 30.986 29.658 29.722 29.036 29.058 33.485 34.069 31.135 30.481 32.247 30.059 26.244 31.689 28.097 30.986 29.658 13.175 9.646 31.306 0.377 0.403 0.402 0.423 0.422 0.438 0.437 0.446 0.446 0.394 0.388 0.421 0.428 0.408 0.433 0.482 0.414 0.458 0.422 0.438 0.693 0.765 0.419 0.474 0.485 0.484 0.493 0.492 0.498 0.498 0.501 0.501 0.718 0.546 0.554 0.556 0.551 0.410 0.438 0.347 0.375 0.340 0.394 0.730 0.795 0.713 1 1 1 1 1 1 1 1 1 1 1 1 1 1 1 1 1 1 1 1 1 1 1
inputOffset 14 0.000 0.000 0.000
inputJitter 14 0.000
inputLFO 14 0 1.000 0 0 1.000 0 0 1.000 0 0 1.000 0
14 0.000 0.000 0 1 0.000 0.000 0.000 1 1 1 0 0 0 0 0.000 -0.700 360 0 0.000 0 0 1.500 0.000 0 17.440 17.440 13.115 13.115 8.810 8.810 4.580 4.580 1.448 14.555 13.352 5.222 5.222 13.352 25.908 25.908 24.748 24.748 8.810 8.810 35.828 35.828 14.267 0.616 0.616 0.694 0.694 0.783 0.783 0.880 0.880 0.961 0.667 0.690 0.865 0.865 0.690 0.486 0.486 0.502 0.502 0.783 0.783 0.369 0.369 0.672 0.812 0.812 0.855 0.855 0.900 0.900 0.947 0.947 0.983 1.000 0.899 0.959 0.959 0.899 0.598 0.598 0.554 0.554 0.811 0.839 0.426 0.426 1.000 1 1 1 1 1 1 1 1 1 1 1 1 1 1 1 1 1 1 1 1 1 1 1
inputOffset 15 0.000 0.000 0.000
inputJitter 15 0.000
inputLFO 15 0 1.000 0 0 1.000 0 0 1.000 0 0 1.000 0
15 0.000 0.000 0 1 0.000 0.000 0.000 1 1 1 0 0 0 0 0.000 -0.700 360 0 0.000 0 0 1.500 0.000 0 17.440 17.440 13.115 13.115 8.810 8.810 4.580 4.580 1.448 14.555 13.352 5.222 5.222 13.352 25.908 25.908 24.748 24.748 8.810 8.810 35.828 35.828 14.267 0.616 0.616 0.694 0.694 0.783 0.783 0.880 0.880 0.961 0.667 0.690 0.865 0.865 0.690 0.486 0.486 0.502 0.502 0.783 0.783 0.369 0.369 0.672 0.812 0.812 0.855 0.855 0.900 0.900 0.947 0.947 0.983 1.000 0.899 0.959 0.959 0.899 0.598 0.598 0.554 0.554 0.811 0.839 0.426 0.426 1.000 1 1 1 1 1 1 1 1 1 1 1 1 1 1 1 1 1 1 1 1 1 1 1
inputOffset 16 0.000 0.000 0.000
inputJitter 16 0.000
inputLFO 16 0 1.000 0 0 1.000 0 0 1.000 0 0 1.000 0
16 0.000 0.000 0 1 0.000 0.000 0.000 1 1 1 0 0 0 0 0.000 -0.700 360 0 0.000 0 0 1.500 0.000 0 17.440 17.440 13.115 13.115 8.810 8.810 4.580 4.580 1.448 14.555 13.352 5.222 5.222 13.352 25.908 25.908 24.748 24.748 8.810 8.810 35.828 35.828 14.267 0.616 0.616 0.694 0.694 0.783 0.783 0.880 0.880 0.961 0.667 0.690 0.865 0.865 0.690 0.486 0.486 0.502 0.502 0.783 0.783 0.369 0.369 0.672 0.812 0.812 0.855 0.855 0.900 0.900 0.947 0.947 0.983 1.000 0.899 0.959 0.959 0.899 0.598 0.598 0.554 0.554 0.811 0.839 0.426 0.426 1.000 1 1 1 1 1 1 1 1 1 1 1 1 1 1 1 1 1 1 1 1 1 1 1
inputOffset 17 0.000 0.000 0.000
inputJitter 17 0.000
inputLFO 17 0 1.000 0 0 1.000 0 0 1.000 0 0 1.000 0
17 0.000 0.000 0 1 0.000 0.000 0.000 1 1 1 0 0 0 0 0.000 -0.700 360 0 0.000 0 0 1.500 0.000 0 17.440 17.440 13.115 13.115 8.810 8.810 4.580 4.580 1.448 14.555 13.352 5.222 5.222 13.352 25.908 25.908 24.748 24.748 8.810 8.810 35.828 35.828 14.267 0.616 0.616 0.694 0.694 0.783 0.783 0.880 0.880 0.961 0.667 0.690 0.865 0.865 0.690 0.486 0.486 0.502 0.502 0.783 0.783 0.369 0.369 0.672 0.812 0.812 0.855 0.855 0.900 0.900 0.947 0.947 0.983 1.000 0.899 0.959 0.959 0.899 0.598 0.598 0.554 0.554 0.811 0.839 0.426 0.426 1.000 1 1 1 1 1 1 1 1 1 1 1 1 1 1 1 1 1 1 1 1 1 1 1
inputOffset 18 0.000 0.000 0.000
inputJitter 18 0.000
inputLFO 18 0 1.000 0 0 1.000 0 0 1.000 0 0 1.000 0
18 0.000 0.000 0 1 -0.500 6.000 0.000 1 1 1 0 0 0 0 0.000 -0.700 120 180 -6.000 0 0 1.500 0.000 0 17.440 17.440 13.115 13.115 8.810 8.810 4.580 4.580 1.448 14.555 13.352 5.222 5.222 13.352 25.908 25.908 24.748 24.748 8.810 8.810 35.828 35.828 14.267 0.616 0.616 0.694 0.694 0.783 0.783 0.880 0.880 0.961 0.667 0.690 0.865 0.865 0.690 0.486 0.486 0.502 0.502 0.783 0.783 0.369 0.369 0.672 0.514 0.514 0.536 0.536 0.554 0.554 0.556 0.556 0.493 0.629 0.544 0.529 0.529 0.544 0.516 0.516 0.435 0.435 0.499 0.517 0.426 0.426 0.629 1 1 1 1 1 1 1 1 1 1 1 1 1 1 1 1 1 1 1 1 1 1 1
inputOffset 19 0.000 0.000 0.000
inputJitter 19 0.000
inputLFO 19 0 1.000 0 0 1.000 0 0 1.000 0 0 1.000 0
19 0.000 0.000 0 1 0.000 3.000 0.000 1 1 1 0 0 0 0 0.000 -0.700 360 0 0.000 0 0 1.500 0.000 0 17.440 17.440 13.115 13.115 8.810 8.810 4.580 4.580 1.448 14.555 13.352 5.222 5.222 13.352 25.908 25.908 24.748 24.748 8.810 8.810 35.828 35.828 14.267 0.616 0.616 0.694 0.694 0.783 0.783 0.880 0.880 0.961 0.667 0.690 0.865 0.865 0.690 0.486 0.486 0.502 0.502 0.783 0.783 0.369 0.369 0.672 0.812 0.812 0.855 0.855 0.900 0.900 0.947 0.947 0.983 1.000 0.899 0.959 0.959 0.899 0.598 0.598 0.554 0.554 0.811 0.839 0.426 0.426 1.000 1 1 1 1 1 1 1 1 1 1 1 1 1 1 1 1 1 1 1 1 1 1 1
inputOffset 20 0.000 0.000 0.000
inputJitter 20 0.000
inputLFO 20 0 1.000 0 0 1.000 0 0 1.000 0 0 1.000 0
20 0.000 0.000 0 1 -2.000 5.000 0.000 1 1 1 0 0 0 0 0.000 -0.700 360 0 0.000 0 0 1.500 0.000 0 17.440 17.440 13.115 13.115 8.810 8.810 4.580 4.580 1.448 14.555 13.352 5.222 5.222 13.352 25.908 25.908 24.748 24.748 8.810 8.810 35.828 35.828 14.267 0.616 0.616 0.694 0.694 0.783 0.783 0.880 0.880 0.961 0.667 0.690 0.865 0.865 0.690 0.486 0.486 0.502 0.502 0.783 0.783 0.369 0.369 0.672 0.812 0.812 0.855 0.855 0.900 0.900 0.947 0.947 0.983 1.000 0.899 0.959 0.959 0.899 0.598 0.598 0.554 0.554 0.811 0.839 0.426 0.426 1.000 1 1 1 1 1 1 1 1 1 1 1 1 1 1 1 1 1 1 1 1 1 1 1
inputOffset 21 0.000 0.000 0.000
inputJitter 21 0.000
inputLFO 21 0 1.000 0 0 1.000 0 0 1.000 0 0 1.000 0
21 0.000 0.000 0 1 0.000 0.000 0.000 1 1 1 0 0 0 0 0.000 -0.700 360 0 0.000 0 0 1.500 0.000 0 17.440 17.440 13.115 13.115 8.810 8.810 4.580 4.580 1.448 14.555 13.352 5.222 5.222 13.352 25.908 25.908 24.748 24.748 8.810 8.810 35.828 35.828 14.267 0.616 0.616 0.694 0.694 0.783 0.783 0.880 0.880 0.961 0.667 0.690 0.865 0.865 0.690 0.486 0.486 0.502 0.502 0.783 0.783 0.369 0.369 0.672 0.812 0.812 0.855 0.855 0.900 0.900 0.947 0.947 0.983 1.000 0.899 0.959 0.959 0.899 0.598 0.598 0.554 0.554 0.811 0.839 0.426 0.426 1.000 1 1 1 1 1 1 1 1 1 1 1 1 1 1 1 1 1 1 1 1 1 1 1
inputOffset 22 0.000 0.000 0.000
inputJitter 22 0.000
inputLFO 22 0 1.000 0 0 1.000 0 0 1.000 0 0 1.000 0
22 0.000 0.000 0 1 0.000 0.000 0.000 1 1 1 0 0 0 0 0.000 -0.700 360 0 0.000 0 0 1.500 0.000 0 17.440 17.440 13.115 13.115 8.810 8.810 4.580 4.580 1.448 14.555 13.352 5.222 5.222 13.352 25.908 25.908 24.748 24.748 8.810 8.810 35.828 35.828 14.267 0.616 0.616 0.694 0.694 0.783 0.783 0.880 0.880 0.961 0.667 0.690 0.865 0.865 0.690 0.486 0.486 0.502 0.502 0.783 0.783 0.369 0.369 0.672 0.812 0.812 0.855 0.855 0.900 0.900 0.947 0.947 0.983 1.000 0.899 0.959 0.959 0.899 0.598 0.598 0.554 0.554 0.811 0.839 0.426 0.426 1.000 1 1 1 1 1 1 1 1 1 1 1 1 1 1 1 1 1 1 1 1 1 1 1
inputOffset 23 0.000 0.000 0.000
inputJitter 23 0.000
inputLFO 23 0 1.000 0 0 1.000 0 0 1.000 0 0 1.000 0
23 0.000 0.000 0 1 0.000 0.000 0.000 1 1 1 0 0 0 0 0.000 -0.700 360 0 0.000 0 0 1.500 0.000 0 17.440 17.440 13.115 13.115 8.810 8.810 4.580 4.580 1.448 14.555 13.352 5.222 5.222 13.352 25.908 25.908 24.748 24.748 8.810 8.810 35.828 35.828 14.267 0.616 0.616 0.694 0.694 0.783 0.783 0.880 0.880 0.961 0.667 0.690 0.865 0.865 0.690 0.486 0.486 0.502 0.502 0.783 0.783 0.369 0.369 0.672 0.812 0.812 0.855 0.855 0.900 0.900 0.947 0.947 0.983 1.000 0.899 0.959 0.959 0.899 0.598 0.598 0.554 0.554 0.811 0.839 0.426 0.426 1.000 1 1 1 1 1 1 1 1 1 1 1 1 1 1 1 1 1 1 1 1 1 1 1
inputOffset 24 0.000 0.000 0.000
inputJitter 24 0.000
inputLFO 24 0 1.000 0 0 1.000 0 0 1.000 0 0 1.000 0
24 0.000 0.000 0 1 0.000 0.000 0.000 1 1 1 0 0 0 0 0.000 -0.700 360 0 0.000 0 0 1.500 0.000 0 17.440 17.440 13.115 13.115 8.810 8.810 4.580 4.580 1.448 14.555 13.352 5.222 5.222 13.352 25.908 25.908 24.748 24.748 8.810 8.810 35.828 35.828 14.267 0.616 0.616 0.694 0.694 0.783 0.783 0.880 0.880 0.961 0.667 0.690 0.865 0.865 0.690 0.486 0.486 0.502 0.502 0.783 0.783 0.369 0.369 0.672 0.812 0.812 0.855 0.855 0.900 0.900 0.947 0.947 0.983 1.000 0.899 0.959 0.959 0.899 0.598 0.598 0.554 0.554 0.811 0.839 0.426 0.426 1.000 1 1 1 1 1 1 1 1 1 1 1 1 1 1 1 1 1 1 1 1 1 1 1
inputOffset 25 0.000 0.000 0.000
inputJitter 25 0.000
inputLFO 25 0 1.000 0 0 1.000 0 0 1.000 0 0 1.000 0
25 0.000 0.000 0 1 0.000 0.000 0.000 1 1 1 0 0 0 0 0.000 -0.700 360 0 0.000 0 0 1.500 0.000 0 17.440 17.440 13.115 13.115 8.810 8.810 4.580 4.580 1.448 14.555 13.352 5.222 5.222 13.352 25.908 25.908 24.748 24.748 8.810 8.810 35.828 35.828 14.267 0.616 0.616 0.694 0.694 0.783 0.783 0.880 0.880 0.961 0.667 0.690 0.865 0.865 0.690 0.486 0.486 0.502 0.502 0.783 0.783 0.369 0.369 0.672 0.812 0.812 0.855 0.855 0.900 0.900 0.947 0.947 0.983 1.000 0.899 0.959 0.959 0.899 0.598 0.598 0.554 0.554 0.811 0.839 0.426 0.426 1.000 1 1 1 1 1 1 1 1 1 1 1 1 1 1 1 1 1 1 1 1 1 1 1
inputOffset 26 0.000 0.000 0.000
inputJitter 26 0.000
inputLFO 26 0 1.000 0 0 1.000 0 0 1.000 0 0 1.000 0
26 0.000 0.000 0 1 0.000 0.000 0.000 1 1 1 0 0 0 0 0.000 -0.700 360 0 0.000 0 0 1.500 0.000 0 17.440 17.440 13.115 13.115 8.810 8.810 4.580 4.580 1.448 14.555 13.352 5.222 5.222 13.352 25.908 25.908 24.748 24.748 8.810 8.810 35.828 35.828 14.267 0.616 0.616 0.694 0.694 0.783 0.783 0.880 0.880 0.961 0.667 0.690 0.865 0.865 0.690 0.486 0.486 0.502 0.502 0.783 0.783 0.369 0.369 0.672 0.812 0.812 0.855 0.855 0.900 0.900 0.947 0.947 0.983 1.000 0.899 0.959 0.959 0.899 0.598 0.598 0.554 0.554 0.811 0.839 0.426 0.426 1.000 1 1 1 1 1 1 1 1 1 1 1 1 1 1 1 1 1 1 1 1 1 1 1
inputOffset 27 0.000 0.000 0.000
inputJitter 27 0.000
inputLFO 27 0 1.000 0 0 1.000 0 0 1.000 0 0 1.000 0
27 0.000 0.000 0 1 12.000 6.000 4.000 0 0 0 1 0 0 0 0.000 -0.700 360 0 0.000 0 0 1.500 0.000 0 25.623 55.433 28.747 51.368 32.157 47.352 35.770 43.400 39.530 27.669 29.716 36.553 44.048 51.916 12.954 58.220 14.483 58.579 32.157 47.352 31.331 46.795 52.448 0.490 0.214 0.449 0.239 0.409 0.268 0.370 0.299 0.333 0.463 0.437 0.362 0.294 0.236 0.000 0.198 0.000 0.196 0.409 0.268 0.418 0.272 0.232 0.737 0.516 0.710 0.542 0.682 0.569 0.653 0.596 0.624 1.000 0.790 0.748 0.705 0.662 0.773 0.314 0.708 0.247 0.464 0.390 0.474 0.328 1.000 1 1 1 1 1 1 1 1 1 0 1 1 1 1 0 0 0 0 0 0 0 0 0
inputOffset 28 0.000 0.000 0.000
inputJitter 28 0.000
inputLFO 28 0 1.000 0 0 1.000 0 0 1.000 0 0 1.000 0
28 0.000 0.000 0 1 12.000 6.000 4.000 0 0 0 0 0 0 0 0.000 -0.700 360 0 0.000 0 0 1.500 0.000 0 55.433 25.623 51.368 28.747 47.352 32.157 43.400 35.770 39.530 52.718 51.916 44.048 36.553 29.716 58.220 12.954 58.579 14.483 47.352 32.157 46.795 31.331 27.882 0.214 0.490 0.239 0.449 0.268 0.409 0.299 0.370 0.333 0.231 0.236 0.294 0.362 0.437 0.198 0.000 0.196 0.000 0.268 0.409 0.272 0.418 0.460 0.516 0.737 0.542 0.710 0.569 0.682 0.596 0.653 0.624 1.000 0.662 0.705 0.748 0.790 0.314 0.773 0.247 0.708 0.323 0.528 0.328 0.474 1.000 1 1 1 1 1 1 1 1 1 0 1 1 1 1 0 0 0 0 0 0 0 0 0
inputOffset 29 0.000 0.000 0.000
inputJitter 29 0.000
inputLFO 29 0 1.000 0 0 1.000 0 0 1.000 0 0 1.000 0
29 0.000 0.000 0 1 10.000 4.000 2.000 0 0 0 1 0 0 0 0.000 -0.700 360 0 0.000 0 0 1.500 0.000 0 17.440 48.143 20.584 43.976 24.104 39.847 27.858 35.770 31.763 19.485 21.530 28.564 36.323 44.427 5.793 52.138 6.477 52.218 24.104 39.847 30.791 44.214 45.084 0.616 0.262 0.564 0.294 0.511 0.330 0.461 0.370 0.413 0.582 0.549 0.452 0.364 0.291 0.000 0.234 0.000 0.234 0.511 0.330 0.425 0.292 0.285 0.812 0.563 0.782 0.592 0.750 0.622 0.717 0.653 0.685 1.000 0.843 0.797 0.749 0.702 0.891 0.355 0.857 0.288 0.563 0.453 0.480 0.348 1.000 1 1 1 1 1 1 1 1 1 0 1 1 1 1 0 0 0 0 0 0 0 0 0
inputOffset 30 0.000 0.000 0.000
inputJitter 30 0.000
inputLFO 30 0 1.000 0 0 1.000 0 0 1.000 0 0 1.000 0
30 0.000 0.000 0 1 10.000 4.000 2.000 0 0 0 0 0 0 0 0.000 -0.700 360 0 0.000 0 0 1.500 0.000 0 48.143 17.440 43.976 20.584 39.847 24.104 35.770 27.858 31.763 45.361 44.427 36.323 28.564 21.530 52.138 5.793 52.218 6.477 39.847 24.104 44.214 30.791 19.701 0.262 0.616 0.294 0.564 0.330 0.511 0.370 0.461 0.413 0.283 0.291 0.364 0.452 0.549 0.234 0.000 0.234 0.000 0.330 0.511 0.292 0.425 0.578 0.563 0.812 0.592 0.782 0.622 0.750 0.653 0.717 0.685 1.000 0.702 0.749 0.797 0.843 0.355 0.891 0.288 0.857 0.387 0.619 0.348 0.480 1.000 1 1 1 1 1 1 1 1 1 0 1 1 1 1 0 0 0 0 0 0 0 0 0
inputOffset 31 0.000 0.000 0.000
inputJitter 31 0.000
inputLFO 31 0 1.000 0 0 1.000 0 0 1.000 0 0 1.000 0
31 0.000 0.000 0 1 3.205 0.000 0.000 0 0 0 1 0 0 0 0.000 -0.700 360 0 0.000 0 0 1.500 0.000 0 8.224 26.702 4.021 22.365 1.565 18.031 5.147 13.705 9.396 5.397 4.739 5.725 13.933 22.505 18.087 34.462 16.383 33.599 1.565 18.031 34.764 39.130 23.521 0.721 0.265 0.852 0.376 0.940 0.488 0.815 0.580 0.688 0.807 0.828 0.796 0.575 0.409 0.487 0.254 0.521 0.263 0.940 0.488 0.251 0.211 0.342 0.907 0.727 0.953 0.766 0.982 0.807 0.940 0.849 0.894 1.000 0.963 0.956 0.895 0.836 0.698 0.504 0.677 0.449 0.963 0.699 0.436 0.393 1.000 1 1 1 1 1 1 1 1 1 0 1 1 1 1 0 0 0 0 0 0 0 0 0
inputOffset 32 0.000 0.000 0.000
inputJitter 32 0.000
inputLFO 32 0 1.000 0 0 1.000 0 0 1.000 0 0 1.000 0
32 0.000 0.000 0 1 3.205 0.000 0.000 0 0 0 0 0 0 0 0.000 -0.700 360 0 0.000 0 0 1.500 0.000 0 26.702 8.224 22.365 4.021 18.031 1.565 13.705 5.147 9.396 23.810 22.505 13.933 5.725 4.739 34.462 18.087 33.599 16.383 18.031 1.565 39.130 34.764 5.119 0.265 0.721 0.376 0.852 0.488 0.940 0.580 0.815 0.688 0.334 0.409 0.575 0.796 0.828 0.254 0.487 0.263 0.521 0.488 0.940 0.211 0.251 0.816 0.727 0.907 0.766 0.953 0.807 0.982 0.849 0.940 0.894 1.000 0.836 0.895 0.956 0.963 0.504 0.698 0.449 0.677 0.650 0.969 0.393 0.436 1.000 1 1 1 1 1 1 1 1 1 0 1 1 1 1 0 0 0 0 0 0 0 0 0
inputOffset 33 0.000 0.000 0.000
inputJitter 33 0.000
inputLFO 33 0 1.000 0 0 1.000 0 0 1.000 0 0 1.000 0
33 0.000 0.000 0 1 4.500 12.500 0.000 0 0 0 1 0 0 0 0.000 -0.700 360 0 0.000 0 0 1.500 0.000 0 37.905 48.404 37.655 45.799 37.905 43.472 38.645 41.472 39.847 37.683 39.103 40.057 42.792 46.997 26.626 43.785 29.325 45.477 37.905 43.472 4.580 21.772 46.468 0.636 0.561 0.638 0.579 0.636 0.595 0.631 0.610 0.622 0.638 0.627 0.620 0.600 0.571 0.728 0.593 0.705 0.581 0.636 0.595 0.000 0.000 0.575 0.636 0.561 0.638 0.579 0.636 0.595 0.631 0.610 0.622 1.000 0.733 0.727 0.712 0.688 0.589 0.419 0.497 0.338 0.405 0.421 0.897 0.595 1.000 1 1 1 1 1 1 1 1 1 0 1 1 1 1 0 0 0 0 0 0 0 0 0
inputOffset 34 0.000 0.000 0.000
inputJitter 34 0.000
inputLFO 34 0 1.000 0 0 1.000 0 0 1.000 0 0 1.000 0
34 0.000 0.000 0 1 4.500 12.500 0.000 0 0 0 0 0 0 0 0.000 -0.700 360 0 0.000 0 0 1.500 0.000 0 48.404 37.905 45.799 37.655 43.472 37.905 41.472 38.645 39.847 46.638 46.997 42.792 40.057 39.103 43.785 26.626 45.477 29.325 43.472 37.905 21.772 4.580 37.673 0.561 0.636 0.579 0.638 0.595 0.636 0.610 0.631 0.622 0.573 0.571 0.600 0.620 0.627 0.593 0.728 0.581 0.705 0.595 0.636 0.000 0.000 0.638 0.561 0.636 0.579 0.638 0.595 0.636 0.610 0.631 0.622 1.000 0.688 0.712 0.727 0.733 0.419 0.589 0.338 0.497 0.355 0.471 0.595 0.897 1.000 1 1 1 1 1 1 1 1 1 0 1 1 1 1 0 0 0 0 0 0 0 0 0
