param 24
inputNames 1 QLab_1
inputNames 2 QLab_2
inputNames 3 QLab_3
inputNames 4 QLab_4
inputNames 5 QLab_5
inputNames 6 QLab_6
inputNames 7 QLab_7
inputNames 8 QLab_8
inputNames 9 QLab_9
inputNames 10 QLab_10
inputNames 11 QLab_11
inputNames 12 QLab_12
inputNames 13 QLab_13
inputNames 14 QLab_14
inputNames 15 QLab_15
inputNames 16 QLab_16
inputNames 17 QLab_17
inputNames 18 QLab_18
inputNames 19 QLab_19
inputNames 20 QLab_20
inputNames 21 input_21
inputNames 22 input_22
inputNames 23 input_23
inputNames 24 input_24
inputNames 25 input_25
inputNames 26 input_26
inputNames 27 Hall_L
inputNames 28 Hall_R
inputNames 29 Room_L
inputNames 30 Room_R
inputNames 31 Rvb_DwnS_L
inputNames 32 Rvb_DwnS_R
inputNames 33 Rvb_UpS_L
inputNames 34 Rvb_UpS_R
inputOffset 1 0.000 0.000 0.000
inputJitter 1 0.000
inputLFO 1 0 1.000 0 0 1.000 0 0 1.000 0 0 1.000 0
1 0.000 0.000 0 1 1.745 2.647 1.709 1 1 1 0 0 0 34 0.000 -0.803 360 0 0.000 0 0 1.604 -0.000 0 24.274 15.421 20.326 12.230 16.579 9.956 13.202 9.296 10.558 11.653 21.370 14.758 11.399 13.896 28.527 18.580 22.460 12.370 0.461 0.611 0.523 0.677 0.589 0.728 0.656 0.743 0.714 0.689 0.506 0.624 0.695 0.642 0.402 0.553 0.488 0.674 0.749 0.833 0.785 0.865 0.821 0.890 0.855 0.897 0.883 1.000 0.847 0.894 0.919 0.900 0.568 0.692 0.585 0.745 1 1 1 1 1 1 1 1 1 1 1 1 1 1 1 1 1 1
inputOffset 2 0.000 0.000 0.000
inputJitter 2 0.000
inputLFO 2 0 1.000 0 0 1.000 0 0 1.000 0 0 1.000 0
2 0.000 0.000 0 1 2.927 3.248 1.885 1 1 1 0 0 0 35 0.000 -0.700 360 0 0.000 0 0 1.500 0.000 0 28.108 14.170 24.172 11.929 20.402 11.026 16.910 11.773 13.907 14.718 25.131 18.254 13.635 13.769 31.744 14.899 25.866 8.932 0.457 0.674 0.510 0.718 0.567 0.736 0.625 0.721 0.679 0.664 0.497 0.602 0.684 0.682 0.413 0.661 0.487 0.780 0.716 0.846 0.750 0.869 0.785 0.879 0.818 0.871 0.849 1.000 0.821 0.868 0.902 0.901 0.532 0.744 0.540 0.808 1 1 1 1 1 1 1 1 1 1 1 1 1 1 1 1 1 1
inputOffset 3 0.000 0.000 0.000
inputJitter 3 0.000
inputLFO 3 0 1.000 0 0 1.000 0 0 1.000 0 0 1.000 0
3 0.000 0.000 0 1 4.364 3.271 1.956 1 1 1 0 0 0 35 0.000 -0.700 360 0 0.000 0 0 1.500 0.000 0 32.008 12.071 27.974 11.109 24.048 11.785 20.293 13.860 16.825 17.473 28.795 21.411 15.450 13.040 35.892 10.792 30.031 4.803 0.410 0.715 0.459 0.734 0.512 0.720 0.569 0.680 0.626 0.615 0.449 0.551 0.651 0.696 0.368 0.741 0.434 0.875 0.683 0.868 0.717 0.878 0.751 0.871 0.786 0.849 0.819 1.000 0.797 0.846 0.888 0.906 0.490 0.808 0.489 0.892 1 1 1 1 1 1 1 1 1 1 1 1 1 1 1 1 1 1
inputOffset 4 0.000 0.000 0.000
inputJitter 4 0.000
inputLFO 4 0 1.000 0 0 1.000 0 0 1.000 0 0 1.000 0
4 0.000 0.000 0 1 5.663 2.471 1.868 1 1 1 0 0 0 35 0.000 -0.700 360 0 0.000 0 0 1.500 0.000 0 34.912 8.866 30.728 9.434 26.595 11.711 22.541 14.935 18.620 19.240 31.388 23.433 16.249 11.401 39.839 8.171 33.817 1.822 0.379 0.781 0.425 0.769 0.477 0.722 0.534 0.660 0.596 0.585 0.418 0.521 0.636 0.728 0.330 0.797 0.390 0.951 0.660 0.902 0.694 0.896 0.729 0.871 0.765 0.838 0.802 1.000 0.781 0.833 0.883 0.919 0.453 0.851 0.446 0.958 1 1 1 1 1 1 1 1 1 1 1 1 1 1 1 1 1 1
inputOffset 5 0.000 0.000 0.000
inputJitter 5 0.000
inputLFO 5 0 1.000 0 0 1.000 0 0 1.000 0 0 1.000 0
5 0.000 0.000 0 1 6.020 1.365 2.115 1 1 1 0 0 0 34 0.000 -0.700 360 0 0.000 0 0 1.500 0.000 0 35.295 5.789 31.017 7.273 26.761 10.490 22.539 14.316 18.374 18.879 31.466 23.153 15.264 8.997 41.331 9.587 35.138 4.738 0.375 0.851 0.422 0.817 0.475 0.747 0.534 0.671 0.600 0.591 0.417 0.525 0.654 0.779 0.317 0.766 0.376 0.326 0.657 0.938 0.691 0.920 0.728 0.885 0.765 0.845 0.804 1.000 0.780 0.834 0.889 0.937 0.440 0.827 0.433 0.893 1 1 1 1 1 1 1 1 1 1 1 1 1 1 1 1 1 1
inputOffset 6 0.000 0.000 0.000
inputJitter 6 0.000
inputLFO 6 0 1.000 0 0 1.000 0 0 1.000 0 0 1.000 0
6 0.000 0.000 0 1 1.855 4.990 2.115 1 1 1 0 0 0 34 0.000 -0.700 360 0 0.000 0 0 1.500 0.000 0 27.838 20.034 24.416 17.774 21.332 16.378 18.754 16.072 16.915 17.462 25.585 20.253 17.798 19.349 28.704 18.049 23.473 13.318 0.461 0.573 0.507 0.610 0.552 0.634 0.593 0.639 0.625 0.615 0.491 0.569 0.609 0.584 0.450 0.605 0.520 0.690 0.718 0.789 0.748 0.810 0.776 0.824 0.801 0.827 0.819 1.000 0.818 0.854 0.871 0.860 0.565 0.699 0.571 0.728 1 1 1 1 1 1 1 1 1 1 1 1 1 1 1 1 1 1
inputOffset 7 0.000 0.000 0.000
inputJitter 7 0.000
inputLFO 7 0 1.000 0 0 1.000 0 0 1.000 0 0 1.000 0
7 0.000 0.000 0 1 3.497 5.202 1.780 1 1 1 0 0 0 34 0.000 -0.700 360 0 0.000 0 0 1.500 0.000 0 32.135 18.123 28.504 16.862 25.101 16.672 22.032 17.589 19.455 20.046 29.608 23.442 19.326 18.667 33.505 13.553 28.240 9.659 0.409 0.604 0.452 0.626 0.497 0.629 0.542 0.613 0.582 0.572 0.439 0.521 0.584 0.595 0.394 0.686 0.456 0.764 0.682 0.806 0.712 0.819 0.742 0.821 0.770 0.812 0.794 1.000 0.792 0.832 0.861 0.865 0.514 0.765 0.510 0.794 1 1 1 1 1 1 1 1 1 1 1 1 1 1 1 1 1 1
inputOffset 8 0.000 0.000 0.000
inputJitter 8 0.000
inputLFO 8 0 1.000 0 0 1.000 0 0 1.000 0 0 1.000 0
8 0.000 0.000 0 1 4.782 5.167 1.974 1 1 1 0 0 0 35 0.000 -0.700 360 0 0.000 0 0 1.500 0.000 0 35.338 16.910 31.564 16.558 27.956 17.324 24.588 19.075 21.572 22.075 32.536 25.824 20.644 18.343 37.192 9.970 31.855 7.202 0.374 0.625 0.416 0.631 0.459 0.618 0.505 0.588 0.549 0.541 0.404 0.487 0.563 0.600 0.355 0.758 0.412 0.818 0.657 0.819 0.687 0.822 0.717 0.814 0.747 0.798 0.774 1.000 0.774 0.817 0.851 0.867 0.478 0.821 0.468 0.842 1 1 1 1 1 1 1 1 1 1 1 1 1 1 1 1 1 1
inputOffset 9 0.000 0.000 0.000
inputJitter 9 0.000
inputLFO 9 0 1.000 0 0 1.000 0 0 1.000 0 0 1.000 0
9 0.000 0.000 0 1 6.046 4.800 2.150 1 1 1 0 0 0 35 0.000 -0.700 360 0 0.000 0 0 1.500 0.000 0 38.181 15.507 34.256 16.140 30.446 17.840 26.798 20.342 23.390 23.802 35.079 27.842 21.699 17.820 40.759 6.178 35.279 5.218 0.346 0.650 0.386 0.638 0.429 0.609 0.474 0.568 0.522 0.516 0.377 0.461 0.547 0.609 0.322 0.842 0.375 0.000 0.635 0.833 0.665 0.826 0.696 0.810 0.727 0.786 0.758 1.000 0.758 0.803 0.844 0.871 0.445 0.886 0.431 0.883 1 1 1 1 1 1 1 1 1 1 1 1 1 1 1 1 1 1
inputOffset 10 0.000 0.000 0.000
inputJitter 10 0.000
inputLFO 10 0 1.000 0 0 1.000 0 0 1.000 0 0 1.000 0
10 0.000 0.000 0 1 7.186 3.745 1.956 1 1 1 0 0 0 34 0.000 -0.700 360 0 0.000 0 0 1.500 0.000 0 40.171 12.910 36.065 14.677 32.022 17.375 28.069 20.643 24.252 24.680 36.750 28.944 21.817 16.287 44.006 2.676 38.255 4.057 0.327 0.698 0.367 0.665 0.410 0.617 0.458 0.563 0.509 0.503 0.360 0.447 0.545 0.636 0.294 0.928 0.345 0.000 0.620 0.859 0.651 0.841 0.683 0.814 0.716 0.783 0.750 1.000 0.748 0.796 0.843 0.882 0.417 0.952 0.402 0.908 1 1 1 1 1 1 1 1 1 1 1 1 1 1 1 1 1 1
inputOffset 11 0.000 0.000 0.000
inputJitter 11 0.000
inputLFO 11 0 1.000 0 0 1.000 0 0 1.000 0 0 1.000 0
11 0.000 0.000 0 1 2.945 5.689 2.220 1 1 1 0 0 0 31 0.000 -0.700 360 0 0.000 0 0 1.500 0.000 0 31.569 20.091 28.113 18.591 24.937 18.038 22.161 18.516 19.952 20.311 29.188 23.509 20.110 20.179 32.085 15.454 27.055 11.790 0.415 0.572 0.457 0.596 0.500 0.605 0.540 0.597 0.574 0.568 0.444 0.520 0.571 0.570 0.410 0.651 0.471 0.720 0.686 0.787 0.715 0.801 0.743 0.806 0.768 0.802 0.788 1.000 0.793 0.830 0.852 0.852 0.529 0.736 0.525 0.755 1 1 1 1 1 1 1 1 1 1 1 1 1 1 1 1 1 1
inputOffset 12 0.000 0.000 0.000
inputJitter 12 0.000
inputLFO 12 0 1.000 0 0 1.000 0 0 1.000 0 0 1.000 0
12 0.000 0.000 0 1 4.306 6.033 2.449 1 1 1 0 0 0 32 0.000 -0.700 360 0 0.000 0 0 1.500 0.000 0 35.417 19.680 31.841 19.067 28.479 19.430 25.417 20.719 22.777 23.053 32.809 26.620 22.178 20.643 36.131 12.224 31.120 10.071 0.373 0.578 0.412 0.588 0.453 0.582 0.493 0.562 0.531 0.527 0.401 0.477 0.540 0.563 0.366 0.712 0.421 0.756 0.656 0.791 0.684 0.797 0.712 0.793 0.739 0.781 0.762 1.000 0.770 0.809 0.838 0.849 0.488 0.784 0.476 0.786 1 1 1 1 1 1 1 1 1 1 1 1 1 1 1 1 1 1
inputOffset 13 0.000 0.000 0.000
inputJitter 13 0.000
inputLFO 13 0 1.000 0 0 1.000 0 0 1.000 0 0 1.000 0
13 0.000 0.000 0 1 5.504 7.194 2.361 1 1 1 0 0 0 31 0.000 -0.700 360 0 0.000 0 0 1.500 0.000 0 40.145 22.434 36.619 22.576 33.287 23.534 30.213 25.214 27.485 27.718 37.600 31.395 26.619 24.135 40.199 11.756 35.470 12.238 0.327 0.536 0.361 0.534 0.396 0.520 0.431 0.496 0.465 0.462 0.351 0.417 0.477 0.511 0.327 0.721 0.373 0.711 0.620 0.765 0.646 0.764 0.672 0.755 0.697 0.740 0.721 1.000 0.742 0.779 0.809 0.825 0.450 0.792 0.429 0.747 1 1 1 1 1 1 1 1 1 1 1 1 1 1 1 1 1 1
inputOffset 14 0.000 0.000 0.000
inputJitter 14 0.000
inputLFO 14 0 1.000 0 0 1.000 0 0 1.000 0 0 1.000 0
14 0.000 0.000 0 1 6.025 5.844 2.361 1 1 1 0 0 0 31 0.000 -0.700 360 0 0.000 0 0 1.500 0.000 0 39.439 18.499 35.660 19.019 32.025 20.469 28.589 22.672 25.432 25.683 36.512 29.645 23.990 20.573 40.978 7.848 35.794 8.246 0.334 0.598 0.371 0.589 0.410 0.566 0.451 0.532 0.493 0.489 0.362 0.438 0.513 0.564 0.320 0.804 0.369 0.000 0.625 0.802 0.654 0.797 0.683 0.783 0.711 0.763 0.738 1.000 0.748 0.790 0.826 0.849 0.443 0.856 0.426 0.821 1 1 1 1 1 1 1 1 1 1 1 1 1 1 1 1 1 1
inputOffset 15 0.000 0.000 0.000
inputJitter 15 0.000
inputLFO 15 0 1.000 0 0 1.000 0 0 1.000 0 0 1.000 0
15 0.000 0.000 0 1 6.851 5.179 2.308 1 1 1 0 0 0 32 0.000 -0.700 360 0 0.000 0 0 1.500 0.000 0 40.751 16.769 36.825 17.930 33.004 19.988 29.329 22.701 25.863 26.138 37.589 30.283 23.920 19.451 43.156 4.811 37.755 6.780 0.322 0.627 0.359 0.607 0.399 0.573 0.442 0.532 0.487 0.483 0.351 0.431 0.514 0.582 0.301 0.875 0.350 0.000 0.615 0.819 0.645 0.808 0.675 0.788 0.705 0.763 0.735 1.000 0.742 0.786 0.827 0.857 0.424 0.909 0.406 0.851 1 1 1 1 1 1 1 1 1 1 1 1 1 1 1 1 1 1
inputOffset 16 0.000 0.000 0.000
inputJitter 16 0.000
inputLFO 16 0 1.000 0 0 1.000 0 0 1.000 0 0 1.000 0
16 0.000 0.000 0 1 -4.580 0.718 2.449 1 1 1 0 0 0 31 0.000 -0.700 360 0 0.000 0 0 1.500 0.000 0 5.847 30.927 4.163 26.628 6.183 22.347 9.843 18.096 13.903 14.323 5.914 10.702 18.577 26.957 13.738 37.663 7.796 31.354 0.850 0.423 0.891 0.477 0.842 0.537 0.760 0.604 0.679 0.671 0.848 0.742 0.596 0.472 0.682 0.351 0.805 0.418 0.933 0.692 0.952 0.728 0.929 0.766 0.889 0.806 0.847 1.000 0.954 0.918 0.863 0.807 0.761 0.473 0.830 0.473 1 1 1 1 1 1 1 1 1 1 1 1 1 1 1 1 1 1
inputOffset 17 0.000 0.000 0.000
inputJitter 17 0.000
inputLFO 17 0 1.000 0 0 1.000 0 0 1.000 0 0 1.000 0
17 0.000 0.000 0 1 -2.547 0.166 2.467 1 1 1 0 0 0 31 0.000 -0.700 360 0 0.000 0 0 1.500 0.000 0 10.423 24.931 6.373 20.623 3.216 16.334 4.222 12.085 7.941 8.644 7.311 5.538 12.605 20.932 19.314 32.511 12.946 26.087 0.748 0.500 0.838 0.563 0.914 0.635 0.889 0.714 0.802 0.786 0.816 0.857 0.704 0.559 0.584 0.405 0.698 0.484 0.883 0.743 0.927 0.782 0.962 0.823 0.951 0.866 0.910 1.000 0.944 0.957 0.905 0.847 0.681 0.524 0.734 0.537 1 1 1 1 1 1 1 1 1 1 1 1 1 1 1 1 1 1
inputOffset 18 0.000 0.000 0.000
inputJitter 18 0.000
inputLFO 18 0 1.000 0 0 1.000 0 0 1.000 0 0 1.000 0
18 0.000 0.000 0 1 -2.547 0.166 2.467 1 1 1 1 0 0 31 0.000 -0.700 360 0 0.000 0 0 1.500 0.000 0 24.931 10.423 20.623 6.373 16.334 3.216 12.085 4.222 7.941 8.644 20.932 12.605 5.538 7.311 32.511 19.314 26.087 12.946 0.500 0.748 0.563 0.838 0.635 0.914 0.714 0.889 0.802 0.786 0.559 0.704 0.857 0.816 0.405 0.584 0.484 0.698 0.743 0.883 0.782 0.927 0.823 0.962 0.866 0.951 0.910 1.000 0.847 0.905 0.957 0.944 0.524 0.681 0.537 0.734 1 1 1 1 1 1 1 1 1 1 1 1 1 1 1 1 1 1
inputOffset 19 0.000 0.000 0.000
inputJitter 19 0.000
inputLFO 19 0 1.000 0 0 1.000 0 0 1.000 0 0 1.000 0
19 0.000 0.000 0 1 -3.265 2.891 2.396 1 1 1 0 0 0 33 0.000 -0.700 360 0 0.000 0 0 1.500 0.000 0 12.824 28.670 10.700 24.650 10.114 20.762 11.307 17.095 13.826 14.328 12.315 12.846 18.149 25.393 14.097 32.794 7.936 26.842 0.700 0.450 0.743 0.504 0.755 0.561 0.730 0.621 0.681 0.671 0.710 0.699 0.604 0.493 0.676 0.402 0.802 0.474 0.858 0.710 0.880 0.745 0.886 0.781 0.874 0.816 0.848 1.000 0.907 0.903 0.866 0.817 0.756 0.521 0.828 0.527 1 1 1 1 1 1 1 1 1 1 1 1 1 1 1 1 1 1
inputOffset 20 0.000 0.000 0.000
inputJitter 20 0.000
inputLFO 20 0 1.000 0 0 1.000 0 0 1.000 0 0 1.000 0
20 0.000 0.000 0 1 -2.770 2.020 2.449 1 1 1 0 0 0 33 0.000 -0.700 360 0 0.000 0 0 1.500 0.000 0 12.095 26.535 9.158 22.410 7.695 18.388 8.503 14.552 11.097 11.687 10.637 10.079 15.525 23.054 16.206 31.723 9.786 25.565 0.714 0.478 0.775 0.536 0.807 0.600 0.789 0.667 0.734 0.722 0.744 0.755 0.649 0.527 0.637 0.414 0.762 0.491 0.866 0.729 0.897 0.766 0.912 0.803 0.904 0.841 0.876 1.000 0.919 0.923 0.884 0.833 0.725 0.532 0.792 0.544 1 1 1 1 1 1 1 1 1 1 1 1 1 1 1 1 1 1
inputOffset 21 0.000 0.000 0.000
inputJitter 21 0.000
inputLFO 21 0 1.000 0 0 1.000 0 0 1.000 0 0 1.000 0
21 0.000 0.000 0 1 0.309 2.969 2.537 1 1 1 0 0 0 32 0.000 -0.700 360 0 0.000 0 0 1.500 0.000 0 20.986 19.449 17.335 15.934 14.083 12.933 11.573 10.881 10.358 10.903 18.343 13.035 12.425 17.025 24.255 22.482 18.280 16.493 0.558 0.582 0.617 0.642 0.676 0.698 0.725 0.739 0.750 0.738 0.600 0.696 0.708 0.623 0.509 0.535 0.601 0.632 0.780 0.794 0.815 0.829 0.847 0.859 0.874 0.881 0.887 1.000 0.866 0.904 0.909 0.876 0.618 0.640 0.647 0.675 1 1 1 1 1 1 1 1 1 1 1 1 1 1 1 1 1 1
inputOffset 22 0.000 0.000 0.000
inputJitter 22 0.000
inputLFO 22 0 1.000 0 0 1.000 0 0 1.000 0 0 1.000 0
22 0.000 0.000 0 1 0.309 2.969 2.537 1 1 1 0 0 0 32 0.000 -0.700 360 0 0.000 0 0 1.500 0.000 0 20.986 19.449 17.335 15.934 14.083 12.933 11.573 10.881 10.358 10.903 18.343 13.035 12.425 17.025 24.255 22.482 18.280 16.493 0.558 0.582 0.617 0.642 0.676 0.698 0.725 0.739 0.750 0.738 0.600 0.696 0.708 0.623 0.509 0.535 0.601 0.632 0.780 0.794 0.815 0.829 0.847 0.859 0.874 0.881 0.887 1.000 0.866 0.904 0.909 0.876 0.618 0.640 0.647 0.675 1 1 1 1 1 1 1 1 1 1 1 1 1 1 1 1 1 1
inputOffset 23 0.000 0.000 0.000
inputJitter 23 0.000
inputLFO 23 0 1.000 0 0 1.000 0 0 1.000 0 0 1.000 0
23 0.000 0.000 0 1 0.000 0.000 0.000 1 1 1 0 0 0 0 0.000 -0.700 360 0 0.000 0 0 1.500 0.000 0 17.440 17.440 13.115 13.115 8.810 8.810 4.580 4.580 1.448 1.448 13.352 5.222 5.222 13.352 25.908 25.908 19.431 19.431 0.616 0.616 0.694 0.694 0.783 0.783 0.880 0.880 0.961 0.961 0.690 0.865 0.865 0.690 0.486 0.486 0.582 0.582 0.812 0.812 0.855 0.855 0.900 0.900 0.947 0.947 0.983 1.000 0.899 0.959 0.959 0.899 0.598 0.598 0.629 0.629 1 1 1 1 1 1 1 1 1 1 1 1 1 1 1 1 1 1
inputOffset 24 0.000 0.000 0.000
inputJitter 24 0.000
inputLFO 24 0 1.000 0 0 1.000 0 0 1.000 0 0 1.000 0
24 0.000 0.000 0 1 0.000 0.000 0.000 1 1 1 0 0 0 0 0.000 -0.700 360 0 0.000 0 0 1.500 0.000 0 17.440 17.440 13.115 13.115 8.810 8.810 4.580 4.580 1.448 1.448 13.352 5.222 5.222 13.352 25.908 25.908 19.431 19.431 0.616 0.616 0.694 0.694 0.783 0.783 0.880 0.880 0.961 0.961 0.690 0.865 0.865 0.690 0.486 0.486 0.582 0.582 0.812 0.812 0.855 0.855 0.900 0.900 0.947 0.947 0.983 1.000 0.899 0.959 0.959 0.899 0.598 0.598 0.629 0.629 1 1 1 1 1 1 1 1 1 1 1 1 1 1 1 1 1 1
inputOffset 25 0.000 0.000 0.000
inputJitter 25 0.000
inputLFO 25 0 1.000 0 0 1.000 0 0 1.000 0 0 1.000 0
25 0.000 0.000 0 1 0.000 0.000 0.000 1 1 1 0 0 0 0 0.000 -0.700 360 0 0.000 0 0 1.500 0.000 0 17.440 17.440 13.115 13.115 8.810 8.810 4.580 4.580 1.448 1.448 13.352 5.222 5.222 13.352 25.908 25.908 19.431 19.431 0.616 0.616 0.694 0.694 0.783 0.783 0.880 0.880 0.961 0.961 0.690 0.865 0.865 0.690 0.486 0.486 0.582 0.582 0.812 0.812 0.855 0.855 0.900 0.900 0.947 0.947 0.983 1.000 0.899 0.959 0.959 0.899 0.598 0.598 0.629 0.629 1 1 1 1 1 1 1 1 1 1 1 1 1 1 1 1 1 1
inputOffset 26 0.000 0.000 0.000
inputJitter 26 0.000
inputLFO 26 0 1.000 0 0 1.000 0 0 1.000 0 0 1.000 0
26 0.000 0.000 0 1 0.000 0.000 0.000 1 1 1 0 0 0 0 0.000 -0.700 360 0 0.000 0 0 1.500 0.000 0 17.440 17.440 13.115 13.115 8.810 8.810 4.580 4.580 1.448 1.448 13.352 5.222 5.222 13.352 25.908 25.908 19.431 19.431 0.616 0.616 0.694 0.694 0.783 0.783 0.880 0.880 0.961 0.961 0.690 0.865 0.865 0.690 0.486 0.486 0.582 0.582 0.812 0.812 0.855 0.855 0.900 0.900 0.947 0.947 0.983 1.000 0.899 0.959 0.959 0.899 0.598 0.598 0.629 0.629 1 1 1 1 1 1 1 1 1 1 1 1 1 1 1 1 1 1
inputOffset 27 0.000 0.000 0.000
inputJitter 27 0.000
inputLFO 27 0 1.000 0 0 1.000 0 0 1.000 0 0 1.000 0
inputLFO 27 0 1.000 0 0 1.000 0 0 1.000 0 0 1.000 0
27 0.000 0.000 0 1 12.000 6.000 4.000 0 0 0 1 0 0 0 0.000 -0.700 360 0 0.000 0 0 1.500 0.000 0 25.623 55.433 28.747 51.368 32.157 47.352 35.770 43.400 39.530 39.530 29.716 36.553 44.048 51.916 12.954 58.220 14.483 58.579 32.157 47.352 31.331 46.795 0.490 0.214 0.449 0.239 0.409 0.268 0.370 0.299 0.333 0.333 0.437 0.362 0.294 0.236 0.000 0.198 0.000 0.196 0.409 0.268 0.418 0.272 0.737 0.516 0.710 0.542 0.682 0.569 0.653 0.596 0.624 1.000 0.790 0.748 0.705 0.662 0.773 0.314 0.708 0.247 0.464 0.390 0.474 0.328 1 1 1 1 1 1 1 1 1 0 1 1 1 1 0 0 0 0 0 0 0 0
inputOffset 28 0.000 0.000 0.000
inputJitter 28 0.000
inputLFO 28 0 1.000 0 0 1.000 0 0 1.000 0 0 1.000 0
28 0.000 0.000 0 1 12.000 6.000 4.000 0 0 0 0 0 0 0 0.000 -0.700 360 0 0.000 0 0 1.500 0.000 0 55.433 25.623 51.368 28.747 47.352 32.157 43.400 35.770 39.530 39.530 51.916 44.048 36.553 29.716 58.220 12.954 58.579 14.483 47.352 32.157 46.795 31.331 0.214 0.490 0.239 0.449 0.268 0.409 0.299 0.370 0.333 0.333 0.236 0.294 0.362 0.437 0.198 0.000 0.196 0.000 0.268 0.409 0.272 0.418 0.516 0.737 0.542 0.710 0.569 0.682 0.596 0.653 0.624 1.000 0.662 0.705 0.748 0.790 0.314 0.773 0.247 0.708 0.323 0.528 0.328 0.474 1 1 1 1 1 1 1 1 1 0 1 1 1 1 0 0 0 0 0 0 0 0
inputOffset 29 0.000 0.000 0.000
inputJitter 29 0.000
inputLFO 29 0 1.000 0 0 1.000 0 0 1.000 0 0 1.000 0
29 0.000 0.000 0 1 7.000 4.000 2.000 0 0 0 1 0 0 0 0.000 -0.700 360 0 0.000 0 0 1.500 0.000 0 13.352 39.847 14.911 35.770 17.440 31.763 20.584 27.858 24.104 24.104 16.192 21.530 28.564 36.323 2.897 43.448 4.096 43.545 17.440 31.763 25.908 37.094 0.690 0.330 0.660 0.370 0.616 0.413 0.564 0.461 0.511 0.511 0.637 0.549 0.452 0.364 0.923 0.299 0.892 0.298 0.616 0.413 0.486 0.356 0.853 0.622 0.837 0.653 0.812 0.685 0.782 0.717 0.750 1.000 0.879 0.843 0.797 0.749 0.944 0.422 0.907 0.354 0.660 0.532 0.539 0.413 1 1 1 1 1 1 1 1 1 0 1 1 1 1 0 0 0 0 0 0 0 0
inputOffset 30 0.000 0.000 0.000
inputJitter 30 0.000
inputLFO 30 0 1.000 0 0 1.000 0 0 1.000 0 0 1.000 0
30 0.000 0.000 0 1 7.000 4.000 2.000 0 0 0 0 0 0 0 0.000 -0.700 360 0 0.000 0 0 1.500 0.000 0 39.847 13.352 35.770 14.911 31.763 17.440 27.858 20.584 24.104 24.104 36.323 28.564 21.530 16.192 43.448 2.897 43.545 4.096 31.763 17.440 37.094 25.908 0.330 0.690 0.370 0.660 0.413 0.616 0.461 0.564 0.511 0.511 0.364 0.452 0.549 0.637 0.299 0.923 0.298 0.892 0.413 0.616 0.356 0.486 0.622 0.853 0.653 0.837 0.685 0.812 0.717 0.782 0.750 1.000 0.749 0.797 0.843 0.879 0.422 0.944 0.354 0.907 0.469 0.707 0.413 0.539 1 1 1 1 1 1 1 1 1 0 1 1 1 1 0 0 0 0 0 0 0 0
inputOffset 31 0.000 0.000 0.000
inputJitter 31 0.000
inputLFO 31 0 1.000 0 0 1.000 0 0 1.000 0 0 1.000 0
31 0.000 0.000 0 1 3.205 0.000 0.000 0 0 0 1 0 0 0 0.000 -1.000 360 0 0.000 0 0 1.500 0.000 0 8.224 26.702 4.021 22.365 1.565 18.031 5.147 13.705 9.396 9.396 4.739 5.725 13.933 22.505 18.087 34.462 16.383 33.599 1.565 18.031 34.764 39.130 0.795 0.365 0.894 0.491 0.957 0.606 0.867 0.683 0.770 0.770 0.876 0.853 0.679 0.535 0.605 0.383 0.634 0.393 0.957 0.606 0.380 0.337 0.907 0.727 0.953 0.766 0.982 0.807 0.940 0.849 0.894 1.000 0.963 0.956 0.895 0.836 0.698 0.504 0.677 0.449 0.963 0.699 0.436 0.393 1 1 1 1 1 1 1 1 1 0 1 1 1 1 0 0 0 0 0 0 0 0
inputOffset 32 0.000 0.000 0.000
inputJitter 32 0.000
inputLFO 32 0 1.000 0 0 1.000 0 0 1.000 0 0 1.000 0
32 0.000 0.000 0 1 3.205 0.000 0.000 0 0 0 0 0 0 0 0.000 -1.000 360 0 0.000 0 0 1.500 0.000 0 26.702 8.224 22.365 4.021 18.031 1.565 13.705 5.147 9.396 9.396 22.505 13.933 5.725 4.739 34.462 18.087 33.599 16.383 18.031 1.565 39.130 34.764 0.365 0.795 0.491 0.894 0.606 0.957 0.683 0.867 0.770 0.770 0.535 0.679 0.853 0.876 0.383 0.605 0.393 0.634 0.606 0.957 0.337 0.380 0.727 0.907 0.766 0.953 0.807 0.982 0.849 0.940 0.894 1.000 0.836 0.895 0.956 0.963 0.504 0.698 0.449 0.677 0.650 0.969 0.393 0.436 1 1 1 1 1 1 1 1 1 0 1 1 1 1 0 0 0 0 0 0 0 0
inputOffset 33 0.000 0.000 0.000
inputJitter 33 0.000
inputLFO 33 0 1.000 0 0 1.000 0 0 1.000 0 0 1.000 0
33 0.000 0.000 0 1 4.500 12.500 0.000 0 0 0 1 0 0 0 0.000 -0.300 360 0 0.000 0 0 1.500 0.000 0 37.905 48.404 37.655 45.799 37.905 43.472 38.645 41.472 39.847 39.847 39.103 40.057 42.792 46.997 26.626 43.785 29.325 45.477 37.905 43.472 4.580 21.772 0.348 0.260 0.351 0.280 0.348 0.298 0.341 0.315 0.330 0.330 0.337 0.328 0.304 0.270 0.477 0.296 0.442 0.282 0.348 0.298 0.000 0.000 0.636 0.561 0.638 0.579 0.636 0.595 0.631 0.610 0.622 1.000 0.733 0.727 0.712 0.688 0.589 0.419 0.497 0.338 0.405 0.421 0.897 0.595 1 1 1 1 1 1 1 1 1 0 1 1 1 1 0 0 0 0 0 0 0 0 0
inputOffset 34 0.000 0.000 0.000
inputJitter 34 0.000
inputLFO 34 0 1.000 0 0 1.000 0 0 1.000 0 0 1.000 0
34 0.000 0.000 0 1 4.500 12.500 0.000 0 0 0 0 0 0 0 0.000 -0.300 360 0 0.000 0 0 1.500 0.000 0 48.404 37.905 45.799 37.655 43.472 37.905 41.472 38.645 39.847 39.847 46.997 42.792 40.057 39.103 43.785 26.626 45.477 29.325 43.472 37.905 21.772 4.580 0.260 0.348 0.280 0.351 0.298 0.348 0.315 0.341 0.330 0.330 0.270 0.304 0.328 0.337 0.296 0.477 0.282 0.442 0.298 0.348 0.000 0.000 0.561 0.636 0.579 0.638 0.595 0.636 0.610 0.631 0.622 1.000 0.688 0.712 0.727 0.733 0.419 0.589 0.338 0.497 0.355 0.471 0.595 0.897 1 1 1 1 1 1 1 1 1 0 1 1 1 1 0 0 0 0 0 0 0 0 0
