param 244
inputNames 1 Violin1
inputNames 2 Violin2
inputNames 3 Viola
inputNames 4 Cello
inputNames 5 DoubleBass
inputNames 6 Flute
inputNames 7 Clarinet
inputNames 8 Bassoon
inputNames 9 Trumpet
inputNames 10 Trombone
inputNames 11 Marimba_L
inputNames 12 Marimba_R
inputNames 13 Vibraphone
inputNames 14 Drums_L
inputNames 15 Drums_R
inputNames 16 SR_Riser
inputNames 17 Shrines_L
inputNames 18 Shrines_R
inputNames 19 Chorus_Lo
inputNames 20 Chorus_Hi
inputNames 21 Soloists_Card
inputNames 22 Soloists_Shotg
inputNames 23 rvb_orch_1L
inputNames 24 rvb_orch_1R
inputNames 25 rvb_orch_2L
inputNames 26 rvb_orch_2R
inputNames 27 rvb_vx_1L
inputNames 28 rvb_vx_1R
inputNames 29 rvb_vx_2L
inputNames 30 rvb_vx_2R
inputNames 31 Video_L
inputNames 32 Video_R
inputOffest 1 0.000 0.000 0.000
inputJitter 1 0.000
inputLFO 1 0 1.000 0 0 1.000 0 0 1.000 0 0 1.000 0
inputMutes 1 1 1 1 1 1 1 1 1 1 1 1 1 1 1
inputHFdampings 1 1.000 1.000 1.000 1.000 1.000 1.000 1.000 1.000 1.000 1.000 1.000 1.000 1.000 1.000
inputLevels 1 0.506 0.692 0.589 0.781 0.681 0.823 0.773 0.500 0.667 0.792 0.677 0.750 0.649 0.653
inputDelays 1 24.639 13.316 19.128 8.909 13.875 7.018 9.325 25.069 14.625 8.403 14.096 10.408 15.617 15.386
1 0.000 0.000 0 1 2.112 1.865 1.500 1 1 1 0 0 0 30 0.000 -0.700 360 0 0.000 0 0 1.500 0.000 0
inputOffest 2 0.000 0.000 0.000
inputJitter 2 0.000
inputLFO 2 0 1.000 0 0 1.000 0 0 1.000 0 0 1.000 0
inputMutes 2 1 1 1 1 1 1 1 1 1 1 1 1 1 1
inputHFdampings 2 1.000 1.000 1.000 1.000 1.000 1.000 1.000 1.000 1.000 1.000 1.000 1.000 1.000 1.000
inputLevels 2 0.463 0.723 0.539 0.788 0.624 0.783 0.712 0.458 0.613 0.758 0.706 0.695 0.606 0.611
inputDelays 2 27.841 11.710 22.342 8.595 17.062 8.857 12.283 28.222 17.677 9.991 12.589 13.124 18.093 17.797
2 0.000 0.000 0 1 3.135 2.286 1.500 1 1 1 0 0 0 30 0.000 -0.700 360 0 0.000 0 0 1.500 0.000 0
inputOffest 3 0.000 0.000 0.000
inputJitter 3 0.000
inputLFO 3 0 1.000 0 0 1.000 0 0 1.000 0 0 1.000 0
inputMutes 3 1 1 1 1 1 1 1 1 1 1 1 1 1 1
inputHFdampings 3 1.000 1.000 1.000 1.000 1.000 1.000 1.000 1.000 1.000 1.000 1.000 1.000 1.000 1.000
inputLevels 3 0.426 0.770 0.498 0.803 0.579 0.754 0.667 0.422 0.570 0.733 0.748 0.654 0.580 0.586
inputDelays 3 30.805 9.433 25.220 7.920 19.773 10.213 14.619 31.150 20.306 11.211 10.505 15.333 19.680 19.312
3 0.000 0.000 0 1 4.226 2.173 1.500 1 1 1 0 0 0 30 0.000 -0.700 360 0 0.000 0 0 1.500 0.000 0
inputOffest 4 0.000 0.000 0.000
inputJitter 4 0.000
inputLFO 4 0 1.000 0 0 1.000 0 0 1.000 0 0 1.000 0
inputMutes 4 1 1 1 1 1 1 1 1 1 1 1 1 1 1
inputHFdampings 4 1.000 1.000 1.000 1.000 1.000 1.000 1.000 1.000 1.000 1.000 1.000 1.000 1.000 1.000
inputLevels 4 0.397 0.832 0.465 0.818 0.543 0.730 0.633 0.392 0.533 0.704 0.786 0.617 0.565 0.571
inputDelays 4 33.360 6.658 27.663 7.270 22.031 11.366 16.534 33.821 22.724 12.656 8.679 17.446 20.655 20.219
4 0.000 0.000 0 1 5.251 1.653 0.600 1 1 1 0 0 0 30 0.000 -0.700 360 0 0.000 0 0 1.500 0.000 0
inputOffest 5 0.000 0.000 0.000
inputJitter 5 0.000
inputLFO 5 0 1.000 0 0 1.000 0 0 1.000 0 0 1.000 0
inputMutes 5 1 1 1 1 1 1 1 1 1 1 1 1 1 1
inputHFdampings 5 1.000 1.000 1.000 1.000 1.000 1.000 1.000 1.000 1.000 1.000 1.000 1.000 1.000 1.000
inputLevels 5 0.378 0.894 0.443 0.822 0.520 0.711 0.609 0.373 0.511 0.689 0.830 0.596 0.558 0.566
inputDelays 5 35.178 4.062 29.401 7.100 23.647 12.335 17.937 35.586 24.249 13.454 6.734 18.724 21.053 20.564
5 0.000 0.000 0 1 6.000 0.874 0.800 1 1 1 0 0 0 30 0.000 -0.700 360 0 0.000 0 0 1.500 0.000 0
inputOffest 6 0.000 0.000 0.000
inputJitter 6 0.000
inputLFO 6 0 1.000 0 0 1.000 0 0 1.000 0 0 1.000 0
inputMutes 6 1 1 1 1 1 1 1 1 1 1 1 1 1 1
inputHFdampings 6 1.000 1.000 1.000 1.000 1.000 1.000 1.000 1.000 1.000 1.000 1.000 1.000 1.000 1.000
inputLevels 6 0.495 0.598 0.565 0.660 0.632 0.694 0.683 0.488 0.620 0.677 0.587 0.667 0.561 0.563
inputDelays 6 25.414 18.571 20.643 15.016 16.559 13.186 13.789 25.893 17.285 14.087 19.221 14.653 20.876 20.756
6 0.000 0.000 0 1 1.479 3.984 1.200 1 1 1 0 0 0 30 0.000 -0.700 360 0 0.000 0 0 1.500 0.000 0
inputOffest 7 0.000 0.000 0.000
inputJitter 7 0.000
inputLFO 7 0 1.000 0 0 1.000 0 0 1.000 0 0 1.000 0
inputMutes 7 1 1 1 1 1 1 1 1 1 1 1 1 1 1
inputHFdampings 7 1.000 1.000 1.000 1.000 1.000 1.000 1.000 1.000 1.000 1.000 1.000 1.000 1.000 1.000
inputLevels 7 0.452 0.620 0.518 0.665 0.585 0.675 0.643 0.446 0.572 0.656 0.605 0.627 0.533 0.535
inputDelays 7 28.668 17.293 23.773 14.718 19.397 14.212 15.975 29.185 20.154 15.229 18.138 16.886 22.759 22.567
7 0.000 0.000 0 1 2.569 4.343 0.700 1 1 1 0 0 0 30 0.000 -0.700 360 0 0.000 0 0 1.500 0.000 0
inputOffest 8 0.000 0.000 0.000
inputJitter 8 0.000
inputLFO 8 0 1.000 0 0 1.000 0 0 1.000 0 0 1.000 0
inputMutes 8 1 1 1 1 1 1 1 1 1 1 1 1 1 1
inputHFdampings 8 1.000 1.000 1.000 1.000 1.000 1.000 1.000 1.000 1.000 1.000 1.000 1.000 1.000 1.000
inputLevels 8 0.401 0.659 0.462 0.675 0.528 0.649 0.594 0.397 0.520 0.635 0.645 0.584 0.502 0.506
inputDelays 8 33.042 15.058 27.893 14.189 23.068 15.613 18.815 33.412 23.594 16.381 15.853 19.457 24.901 24.610
8 0.000 0.000 0 1 4.251 4.353 1.200 1 1 1 0 0 0 30 0.000 -0.700 360 0 0.000 0 0 1.500 0.000 0
inputOffest 9 0.000 0.000 0.000
inputJitter 9 0.000
inputLFO 9 0 1.000 0 0 1.000 0 0 1.000 0 0 1.000 0
inputMutes 9 1 1 1 1 1 1 1 1 1 1 1 1 1 1
inputHFdampings 9 1.000 1.000 1.000 1.000 1.000 1.000 1.000 1.000 1.000 1.000 1.000 1.000 1.000 1.000
inputLevels 9 0.379 0.700 0.440 0.695 0.507 0.646 0.578 0.375 0.498 0.630 0.679 0.566 0.497 0.502
inputDelays 9 35.052 12.876 29.697 13.166 24.557 15.772 19.798 35.476 25.159 16.693 13.989 20.540 25.264 24.911
9 0.000 0.000 0 1 5.223 3.848 0.700 1 1 1 0 0 0 30 0.000 -0.700 360 0 0.000 0 0 1.500 0.000 0
inputOffest 10 0.000 0.000 0.000
inputJitter 10 0.000
inputLFO 10 0 1.000 0 0 1.000 0 0 1.000 0 0 1.000 0
inputMutes 10 1 1 1 1 1 1 1 1 1 1 1 1 1 1
inputHFdampings 10 1.000 1.000 1.000 1.000 1.000 1.000 1.000 1.000 1.000 1.000 1.000 1.000 1.000 1.000
inputLevels 10 0.370 0.764 0.432 0.735 0.502 0.663 0.580 0.366 0.494 0.645 0.734 0.569 0.510 0.516
inputDelays 10 35.897 9.721 30.332 11.132 24.885 14.873 19.655 36.312 25.479 15.847 11.154 20.401 24.300 23.887
10 0.000 0.000 0 1 5.868 2.829 0.700 1 1 1 0 0 0 30 0.000 -0.700 360 0 0.000 0 0 1.500 0.000 0
inputOffest 11 0.000 0.000 0.000
inputJitter 11 0.000
inputLFO 11 0 1.000 0 0 1.000 0 0 1.000 0 0 1.000 0
inputMutes 11 1 1 1 1 1 1 1 1 1 1 1 1 1 1
inputHFdampings 11 1.000 1.000 1.000 1.000 1.000 1.000 1.000 1.000 1.000 1.000 1.000 1.000 1.000 1.000
inputLevels 11 0.453 0.526 0.507 0.568 0.555 0.591 0.586 0.448 0.546 0.581 0.518 0.576 0.480 0.481
inputDelays 11 28.598 23.239 24.535 20.415 21.305 19.009 19.332 29.024 21.874 19.644 23.762 19.957 26.535 26.448
11 0.000 0.000 0 1 1.365 5.987 1.200 1 1 1 0 0 0 30 0.000 -0.700 360 0 0.000 0 0 1.500 0.000 0
inputOffest 12 0.000 0.000 0.000
inputJitter 12 0.000
inputLFO 12 0 1.000 0 0 1.000 0 0 1.000 0 0 1.000 0
inputMutes 12 1 1 1 1 1 1 1 1 1 1 1 1 1 1
inputHFdampings 12 1.000 1.000 1.000 1.000 1.000 1.000 1.000 1.000 1.000 1.000 1.000 1.000 1.000 1.000
inputLevels 12 0.409 0.545 0.462 0.573 0.512 0.576 0.553 0.405 0.505 0.566 0.536 0.545 0.456 0.458
inputDelays 12 32.305 21.950 27.936 20.146 24.187 19.943 21.388 32.683 24.690 20.550 22.502 21.955 28.344 28.178
12 0.000 0.000 0 1 2.761 6.297 1.200 1 1 1 0 0 0 30 0.000 -0.700 360 0 0.000 0 0 1.500 0.000 0
inputOffest 13 0.000 0.000 0.000
inputJitter 13 0.000
inputLFO 13 0 1.000 0 0 1.000 0 0 1.000 0 0 1.000 0
inputMutes 13 1 1 1 1 1 1 1 1 1 1 1 1 1 1
inputHFdampings 13 1.000 1.000 1.000 1.000 1.000 1.000 1.000 1.000 1.000 1.000 1.000 1.000 1.000 1.000
inputLevels 13 0.357 0.516 0.403 0.526 0.448 0.516 0.488 0.354 0.442 0.508 0.508 0.481 0.404 0.407
inputDelays 13 37.220 23.915 32.866 23.193 29.032 23.911 25.949 37.563 29.470 24.441 24.445 26.439 32.720 32.512
13 0.000 0.000 0 1 3.997 7.458 1.100 1 1 1 0 0 0 30 0.000 -0.700 360 0 0.000 0 0 1.500 0.000 0
inputOffest 14 0.000 0.000 0.000
inputJitter 14 0.000
inputLFO 14 0 1.000 0 0 1.000 0 0 1.000 0 0 1.000 0
inputMutes 14 1 1 1 1 1 1 1 1 1 1 1 1 1 1
inputHFdampings 14 1.000 1.000 1.000 1.000 1.000 1.000 1.000 1.000 1.000 1.000 1.000 1.000 1.000 1.000
inputLevels 14 0.370 0.585 0.422 0.592 0.477 0.571 0.529 0.366 0.471 0.562 0.576 0.522 0.443 0.447
inputDelays 14 35.949 19.359 31.142 18.924 26.742 20.231 22.985 36.274 27.178 20.803 19.956 23.490 29.380 29.119
14 0.000 0.000 0 1 4.509 5.967 1.300 1 1 1 0 0 0 30 0.000 -0.700 360 0 0.000 0 0 1.500 0.000 0
inputOffest 15 0.000 0.000 0.000
inputJitter 15 0.000
inputLFO 15 0 1.000 0 0 1.000 0 0 1.000 0 0 1.000 0
inputMutes 15 1 1 1 1 1 1 1 1 1 1 1 1 1 1
inputHFdampings 15 1.000 1.000 1.000 1.000 1.000 1.000 1.000 1.000 1.000 1.000 1.000 1.000 1.000 1.000
inputLevels 15 0.348 0.646 0.402 0.629 0.462 0.584 0.524 0.345 0.456 0.574 0.633 0.517 0.449 0.453
inputDelays 15 38.118 15.770 32.904 16.728 27.933 19.463 23.358 38.425 28.350 20.057 16.498 23.856 28.943 28.594
15 0.000 0.000 0 1 5.918 4.901 1.300 1 1 1 0 0 0 30 0.000 -0.700 360 0 0.000 0 0 1.500 0.000 0
inputOffest 16 0.000 0.000 0.000
inputJitter 16 0.000
inputLFO 16 0 1.000 0 0 1.000 0 0 1.000 0 0 1.000 0
inputMutes 16 1 1 1 1 1 1 1 1 1 1 1 1 1 1
inputHFdampings 16 1.000 1.000 1.000 1.000 1.000 1.000 1.000 1.000 1.000 1.000 1.000 1.000 1.000 1.000
inputLevels 16 0.831 0.445 0.915 0.522 0.833 0.613 0.717 0.791 0.793 0.600 0.440 0.696 0.654 0.646
inputDelays 16 6.704 29.238 3.217 23.458 6.602 17.708 12.027 8.465 8.384 18.446 29.691 13.091 15.364 15.797
16 0.000 0.000 0 1 -3.980 0.563 1.000 1 1 1 0 0 0 30 0.000 -0.700 360 0 0.000 0 0 1.500 0.000 0
inputOffest 17 0.000 0.000 0.000
inputJitter 17 0.000
inputLFO 17 0 1.000 0 0 1.000 0 0 1.000 0 0 1.000 0
inputMutes 17 1 1 1 1 1 1 1 1 1 1 1 1 1 1
inputHFdampings 17 1.000 1.000 1.000 1.000 1.000 1.000 1.000 1.000 1.000 1.000 1.000 1.000 1.000 1.000
inputLevels 17 0.803 0.362 0.934 0.540 0.892 0.650 0.763 0.762 0.822 0.632 0.356 0.730 0.701 0.693
inputDelays 17 7.938 27.189 2.475 21.376 4.133 15.572 9.791 9.804 7.085 16.602 27.791 11.357 12.826 13.258
17 0.000 0.000 0 1 -3.323 0.000 0.400 1 1 1 0 0 0 30 0.000 -0.700 360 0 0.000 0 0 1.500 0.000 0
inputOffest 18 0.000 0.000 0.000
inputJitter 18 0.000
inputLFO 18 0 1.000 0 0 1.000 0 0 1.000 0 0 1.000 0
inputMutes 18 1 1 1 1 1 1 1 1 1 1 1 1 1 1
inputHFdampings 18 1.000 1.000 1.000 1.000 1.000 1.000 1.000 1.000 1.000 1.000 1.000 1.000 1.000 1.000
inputLevels 18 0.803 0.362 0.934 0.540 0.892 0.650 0.763 0.762 0.822 0.632 0.356 0.730 0.701 0.693
inputDelays 18 7.938 27.189 2.475 21.376 4.133 15.572 9.791 9.804 7.085 16.602 27.791 11.357 12.826 13.258
18 0.000 0.000 0 1 -3.323 0.000 0.400 1 1 1 0 0 0 30 0.000 -0.700 360 0 0.000 0 0 1.500 0.000 0
inputOffest 19 0.000 0.000 0.000
inputJitter 19 0.000
inputLFO 19 0 1.000 0 0 1.000 0 0 1.000 0 0 1.000 0
inputMutes 19 1 1 1 1 1 1 1 1 1 1 1 1 1 1
inputHFdampings 19 1.000 1.000 1.000 1.000 1.000 1.000 1.000 1.000 1.000 1.000 1.000 1.000 1.000 1.000
inputLevels 19 0.699 0.484 0.775 0.563 0.794 0.650 0.737 0.682 0.766 0.637 0.478 0.716 0.625 0.621
inputDelays 19 12.944 26.204 9.191 20.750 8.322 15.566 11.039 13.822 9.631 16.303 26.649 12.057 16.981 17.234
19 1.500 0.000 0 1 -2.551 2.277 1.300 1 1 1 0 0 0 30 0.000 -0.700 360 0 0.000 0 0 1.500 0.000 0
inputOffest 20 0.000 0.000 0.000
inputJitter 20 0.000
inputLFO 20 0 1.000 0 0 1.000 0 0 1.000 0 0 1.000 0
inputMutes 20 1 1 1 1 1 1 1 1 1 1 1 1 1 1
inputHFdampings 20 1.000 1.000 1.000 1.000 1.000 1.000 1.000 1.000 1.000 1.000 1.000 1.000 1.000 1.000
inputLevels 20 0.681 0.447 0.727 0.517 0.721 0.593 0.667 0.665 0.702 0.583 0.442 0.653 0.565 0.561
inputDelays 20 13.906 29.076 11.510 23.815 11.806 18.887 14.634 14.727 12.763 19.500 29.477 15.416 20.618 20.880
20 6.000 0.000 0 1 -3.204 3.352 1.300 1 1 1 0 0 0 30 0.000 -0.700 360 0 0.000 0 0 1.500 0.000 0
inputOffest 21 0.000 0.000 0.000
inputJitter 21 0.000
inputLFO 21 0 1.000 0 0 1.000 0 0 1.000 0 0 1.000 0
inputMutes 21 1 1 1 1 1 1 1 1 1 1 1 1 1 1
inputHFdampings 21 1.000 1.000 1.000 1.000 1.000 1.000 1.000 1.000 1.000 1.000 1.000 1.000 1.000 1.000
inputLevels 21 0.587 0.587 0.676 0.676 0.759 0.759 0.800 0.581 0.744 0.744 0.581 0.781 0.656 0.656
inputDelays 21 19.246 19.246 14.172 14.172 9.955 9.955 8.073 19.631 10.679 10.679 19.631 8.952 15.255 15.255
21 3.000 0.000 0 1 0.000 2.200 2.100 1 1 1 0 0 0 30 0.000 -0.700 360 0 0.000 0 0 1.500 0.000 0
inputOffest 22 0.000 0.000 0.000
inputJitter 22 0.000
inputLFO 22 0 1.000 0 0 1.000 0 0 1.000 0 0 1.000 0
inputMutes 22 1 1 1 1 1 1 1 1 1 1 1 1 1 1
inputHFdampings 22 1.000 1.000 1.000 1.000 1.000 1.000 1.000 1.000 1.000 1.000 1.000 1.000 1.000 1.000
inputLevels 22 0.587 0.587 0.676 0.676 0.759 0.759 0.800 0.581 0.744 0.744 0.581 0.781 0.656 0.656
inputDelays 22 19.246 19.246 14.172 14.172 9.955 9.955 8.073 19.631 10.679 10.679 19.631 8.952 15.255 15.255
22 3.000 0.000 0 1 0.000 2.200 2.100 1 1 1 0 0 0 30 0.000 -0.700 360 0 0.000 0 0 1.500 0.000 0
inputOffest 23 0.000 0.000 0.000
inputJitter 23 0.000
inputLFO 23 0 1.000 0 0 1.000 0 0 1.000 0 0 1.000 0
inputMutes 23 1 1 1 1 1 1 1 1 1 1 1 1 1 1
inputHFdampings 23 1.000 1.000 1.000 1.000 1.000 1.000 1.000 1.000 1.000 1.000 1.000 1.000 1.000 1.000
inputLevels 23 0.434 0.434 0.471 0.471 0.497 0.497 0.506 0.426 0.487 0.487 0.426 0.496 0.414 0.414
inputDelays 23 5.570 5.570 2.617 2.617 0.680 0.680 0.000 6.184 1.408 1.408 6.184 0.748 7.281 7.281
23 0.000 0.000 1 1 0.000 7.953 0.000 0 0 0 0 0 0 30 0.000 -0.700 360 0 0.000 0 0 1.500 0.000 0
inputOffest 24 0.000 0.000 0.000
inputJitter 24 0.000
inputLFO 24 0 1.000 0 0 1.000 0 0 1.000 0 0 1.000 0
inputMutes 24 1 1 1 1 1 1 1 1 1 1 1 1 1 1
inputHFdampings 24 1.000 1.000 1.000 1.000 1.000 1.000 1.000 1.000 1.000 1.000 1.000 1.000 1.000 1.000
inputLevels 24 0.434 0.434 0.471 0.471 0.497 0.497 0.506 0.426 0.487 0.487 0.426 0.496 0.414 0.414
inputDelays 24 5.570 5.570 2.617 2.617 0.680 0.680 0.000 6.184 1.408 1.408 6.184 0.748 7.281 7.281
24 0.000 0.000 1 1 0.000 7.953 0.000 0 0 0 0 0 0 30 0.000 -0.700 360 0 0.000 0 0 1.500 0.000 0
inputOffest 25 0.000 0.000 0.000
inputJitter 25 0.000
inputLFO 25 0 1.000 0 0 1.000 0 0 1.000 0 0 1.000 0
inputMutes 25 1 1 1 1 1 1 1 1 1 1 1 1 1 1
inputHFdampings 25 1.000 1.000 1.000 1.000 1.000 1.000 1.000 1.000 1.000 1.000 1.000 1.000 1.000 1.000
inputLevels 25 0.434 0.434 0.471 0.471 0.497 0.497 0.506 0.426 0.487 0.487 0.426 0.496 0.414 0.414
inputDelays 25 5.570 5.570 2.617 2.617 0.680 0.680 0.000 6.184 1.408 1.408 6.184 0.748 7.281 7.281
25 0.000 0.000 1 1 0.000 7.953 0.000 0 0 0 0 0 0 30 0.000 -0.700 360 0 0.000 0 0 1.500 0.000 0
inputOffest 26 0.000 0.000 0.000
inputJitter 26 0.000
inputLFO 26 0 1.000 0 0 1.000 0 0 1.000 0 0 1.000 0
inputMutes 26 1 1 1 1 1 1 1 1 1 1 1 1 1 1
inputHFdampings 26 1.000 1.000 1.000 1.000 1.000 1.000 1.000 1.000 1.000 1.000 1.000 1.000 1.000 1.000
inputLevels 26 0.434 0.434 0.471 0.471 0.497 0.497 0.506 0.426 0.487 0.487 0.426 0.496 0.414 0.414
inputDelays 26 5.570 5.570 2.617 2.617 0.680 0.680 0.000 6.184 1.408 1.408 6.184 0.748 7.281 7.281
26 0.000 0.000 1 1 0.000 7.953 0.000 0 0 0 0 0 0 30 0.000 -0.700 360 0 0.000 0 0 1.500 0.000 0
inputOffest 27 0.000 0.000 0.000
inputJitter 27 0.000
inputLFO 27 0 1.000 0 0 1.000 0 0 1.000 0 0 1.000 0
inputMutes 27 1 1 1 1 1 1 1 1 1 1 1 1 1 1
inputHFdampings 27 1.000 1.000 1.000 1.000 1.000 1.000 1.000 1.000 1.000 1.000 1.000 1.000 1.000 1.000
inputLevels 27 0.434 0.434 0.471 0.471 0.497 0.497 0.506 0.426 0.487 0.487 0.426 0.496 0.414 0.414
inputDelays 27 5.570 5.570 2.617 2.617 0.680 0.680 0.000 6.184 1.408 1.408 6.184 0.748 7.281 7.281
27 0.000 -10.000 1 1 0.000 7.953 0.000 0 0 0 0 0 0 30 0.000 -0.700 360 0 0.000 0 0 1.500 0.000 0
inputOffest 28 0.000 0.000 0.000
inputJitter 28 0.000
inputLFO 28 0 1.000 0 0 1.000 0 0 1.000 0 0 1.000 0
inputMutes 28 1 1 1 1 1 1 1 1 1 1 1 1 1 1
inputHFdampings 28 1.000 1.000 1.000 1.000 1.000 1.000 1.000 1.000 1.000 1.000 1.000 1.000 1.000 1.000
inputLevels 28 0.434 0.434 0.471 0.471 0.497 0.497 0.506 0.426 0.487 0.487 0.426 0.496 0.414 0.414
inputDelays 28 5.570 5.570 2.617 2.617 0.680 0.680 0.000 6.184 1.408 1.408 6.184 0.748 7.281 7.281
28 0.000 -10.000 1 1 0.000 7.953 0.000 0 0 0 0 0 0 30 0.000 -0.700 360 0 0.000 0 0 1.500 0.000 0
inputOffest 29 0.000 0.000 0.000
inputJitter 29 0.000
inputLFO 29 0 1.000 0 0 1.000 0 0 1.000 0 0 1.000 0
inputMutes 29 1 1 1 1 1 1 1 1 1 1 1 1 1 1
inputHFdampings 29 1.000 1.000 1.000 1.000 1.000 1.000 1.000 1.000 1.000 1.000 1.000 1.000 1.000 1.000
inputLevels 29 0.434 0.434 0.471 0.471 0.497 0.497 0.506 0.426 0.487 0.487 0.426 0.496 0.414 0.414
inputDelays 29 5.570 5.570 2.617 2.617 0.680 0.680 0.000 6.184 1.408 1.408 6.184 0.748 7.281 7.281
29 0.000 -10.000 1 1 0.000 7.953 0.000 0 0 0 0 0 0 30 0.000 -0.700 360 0 0.000 0 0 1.500 0.000 0
inputOffest 30 0.000 0.000 0.000
inputJitter 30 0.000
inputLFO 30 0 1.000 0 0 1.000 0 0 1.000 0 0 1.000 0
inputMutes 30 1 1 1 1 1 1 1 1 1 1 1 1 1 1
inputHFdampings 30 1.000 1.000 1.000 1.000 1.000 1.000 1.000 1.000 1.000 1.000 1.000 1.000 1.000 1.000
inputLevels 30 0.434 0.434 0.471 0.471 0.497 0.497 0.506 0.426 0.487 0.487 0.426 0.496 0.414 0.414
inputDelays 30 5.570 5.570 2.617 2.617 0.680 0.680 0.000 6.184 1.408 1.408 6.184 0.748 7.281 7.281
30 0.000 -10.000 1 1 0.000 7.953 0.000 0 0 0 0 0 0 30 0.000 -0.700 360 0 0.000 0 0 1.500 0.000 0
inputOffest 31 0.000 0.000 0.000
inputJitter 31 0.000
inputLFO 31 0 1.000 0 0 1.000 0 0 1.000 0 0 1.000 0
inputMutes 31 1 1 1 1 1 1 1 1 1 1 1 1 1 1
inputHFdampings 31 1.000 1.000 1.000 1.000 1.000 1.000 1.000 1.000 1.000 1.000 1.000 1.000 1.000 1.000
inputLevels 31 0.000 0.000 0.000 0.000 0.000 0.000 0.000 0.000 0.000 0.000 0.000 0.000 0.000 0.000
inputDelays 31 0.000 15.862 2.577 13.152 5.180 10.468 7.811 0.019 5.199 10.487 15.880 7.830 1.197 1.463
31 0.000 0.000 1 1 4.000 7.807 0.000 0 0 0 1 0 0 30 -0.700 -0.700 360 0 0.000 0 0 1.500 0.000 0
inputOffest 32 0.000 0.000 0.000
inputJitter 32 0.000
inputLFO 32 0 1.000 0 0 1.000 0 0 1.000 0 0 1.000 0
inputMutes 32 1 1 1 1 1 1 1 1 1 1 1 1 1 1
inputHFdampings 32 1.000 1.000 1.000 1.000 1.000 1.000 1.000 1.000 1.000 1.000 1.000 1.000 1.000 1.000
inputLevels 32 0.351 0.502 0.395 0.512 0.438 0.502 0.476 0.346 0.430 0.492 0.492 0.467 0.394 0.396
inputDelays 32 13.666 0.691 9.393 0.000 5.650 0.691 2.658 14.157 6.270 1.432 1.432 3.346 9.468 9.266
32 0.000 0.000 1 1 4.000 7.807 0.000 0 0 0 0 0 0 30 0.000 -0.700 360 0 0.000 0 0 1.500 0.000 0
