inputNames 1 Violin1
inputNames 2 Violin2
inputNames 3 Viola
inputNames 4 Cello
inputNames 5 DoubleBass
inputNames 6 Flute
inputNames 7 Clarinet
inputNames 8 Bassoon
inputNames 9 Trumpet
inputNames 10 Trombone
inputNames 11 Marimba_L
inputNames 12 Marimba_R
inputNames 13 Vibraphone
inputNames 14 Drums_L
inputNames 15 Drums_R
inputNames 16 SR_Riser
inputNames 17 Shrines_L
inputNames 18 Shrines_R
inputNames 19 Chorus_Lo
inputNames 20 Chorus_Hi
inputNames 21 Soloists_Card
inputNames 22 Soloists_Shotg
inputNames 23 rvb_orch_1L
inputNames 24 rvb_orch_1R
inputNames 25 rvb_orch_2L
inputNames 26 rvb_orch_2R
inputNames 27 rvb_vx_1L
inputNames 28 rvb_vx_1R
inputNames 29 rvb_vx_2L
inputNames 30 rvb_vx_2R
inputNames 31 Video_L
inputNames 32 Video_R
inputOffset 1 0.000 0.000 0.000
inputJitter 1 0.000
inputLFO 1 0 1.000 0 0 1.000 0 0 1.000 0 0 1.000 0
1 0.000 0.000 0 1 2.112 1.865 1.500 1 1 1 0 0 0 30 0.000 -0.700 0 0 1.500 0.000 0 20.046 8.920 15.898 6.156 11.908 5.863 8.307 18.170 7.848 11.604 6.718 8.307 8.307 15.616 15.385 0.574 0.781 0.644 0.843 0.719 0.850 0.795 0.605 0.805 0.725 0.830 0.795 0.795 0.649 0.653 1 1 1 1 1 1 1 1 1 1 1 1 1 1 1
inputOffset 2 0.000 0.000 0.000
inputJitter 2 0.000
inputLFO 2 0 1.000 0 0 1.000 0 0 1.000 0 0 1.000 0
2 0.000 0.000 0 1 3.135 2.286 1.500 1 1 1 0 0 0 30 0.000 -0.700 0 0 1.500 0.000 0 23.244 7.863 19.109 6.795 15.105 8.288 11.373 21.344 7.541 14.720 9.153 11.373 11.373 18.093 17.797 0.526 0.804 0.589 0.829 0.658 0.795 0.730 0.554 0.812 0.665 0.776 0.730 0.730 0.606 0.611 1 1 1 1 1 1 1 1 1 1 1 1 1 1 1
inputOffset 3 0.000 0.000 0.000
inputJitter 3 0.000
inputLFO 3 0 1.000 0 0 1.000 0 0 1.000 0 0 1.000 0
3 0.000 0.000 0 1 4.226 2.173 1.500 1 1 1 0 0 0 30 0.000 -0.700 0 0 1.500 0.000 0 26.218 6.511 22.011 7.383 17.882 10.235 13.899 24.265 7.163 17.425 11.157 13.899 13.899 19.680 19.312 0.484 0.835 0.544 0.815 0.610 0.753 0.681 0.511 0.820 0.617 0.734 0.681 0.681 0.580 0.586 1 1 1 1 1 1 1 1 1 1 1 1 1 1 1
inputOffset 4 0.000 0.000 0.000
inputJitter 4 0.000
inputLFO 4 0 1.000 0 0 1.000 0 0 1.000 0 0 1.000 0
4 0.000 0.000 0 1 5.251 1.653 0.600 1 1 1 0 0 0 30 0.000 -0.700 0 0 1.500 0.000 0 28.803 5.312 24.508 8.148 20.245 11.947 16.038 26.923 7.552 19.906 13.178 16.038 16.038 20.654 20.219 0.451 0.863 0.507 0.798 0.571 0.718 0.642 0.475 0.811 0.576 0.694 0.642 0.642 0.565 0.571 1 1 1 1 1 1 1 1 1 1 1 1 1 1 1
inputOffset 5 0.000 0.000 0.000
inputJitter 5 0.000
inputLFO 5 0 1.000 0 0 1.000 0 0 1.000 0 0 1.000 0
5 0.000 0.000 0 1 6.000 0.874 0.800 1 1 1 0 0 0 30 0.000 -0.700 0 0 1.500 0.000 0 30.689 5.103 26.340 9.126 21.998 13.367 17.670 28.740 7.929 21.578 14.534 17.670 17.670 21.053 20.564 0.428 0.868 0.482 0.777 0.544 0.691 0.613 0.451 0.803 0.550 0.669 0.613 0.613 0.558 0.566 1 1 1 1 1 1 1 1 1 1 1 1 1 1 1
inputOffset 6 0.000 0.000 0.000
inputJitter 6 0.000
inputLFO 6 0 1.000 0 0 1.000 0 0 1.000 0 0 1.000 0
6 0.000 0.000 0 1 1.479 3.984 1.200 1 1 1 0 0 0 30 0.000 -0.700 0 0 1.500 0.000 0 20.947 14.598 17.486 12.463 14.523 11.649 12.419 19.427 13.761 14.448 12.085 12.419 12.419 20.876 20.756 0.560 0.668 0.616 0.708 0.669 0.724 0.709 0.584 0.683 0.670 0.716 0.709 0.709 0.561 0.563 1 1 1 1 1 1 1 1 1 1 1 1 1 1 1
inputOffset 7 0.000 0.000 0.000
inputJitter 7 0.000
inputLFO 7 0 1.000 0 0 1.000 0 0 1.000 0 0 1.000 0
7 0.000 0.000 0 1 2.569 4.343 0.700 1 1 1 0 0 0 30 0.000 -0.700 0 0 1.500 0.000 0 24.166 13.853 20.573 12.722 17.340 13.037 14.705 22.641 13.632 17.254 13.739 14.705 14.705 22.758 22.566 0.512 0.682 0.566 0.703 0.619 0.697 0.666 0.534 0.686 0.620 0.684 0.666 0.666 0.533 0.536 1 1 1 1 1 1 1 1 1 1 1 1 1 1 1
inputOffset 8 0.000 0.000 0.000
inputJitter 8 0.000
inputLFO 8 0 1.000 0 0 1.000 0 0 1.000 0 0 1.000 0
8 0.000 0.000 0 1 4.251 4.353 1.200 1 1 1 0 0 0 30 0.000 -0.700 0 0 1.500 0.000 0 28.479 12.738 24.648 13.229 21.028 15.030 17.747 26.729 13.183 20.694 15.749 17.747 17.747 24.900 24.609 0.455 0.703 0.506 0.693 0.559 0.660 0.612 0.477 0.694 0.564 0.647 0.612 0.612 0.502 0.506 1 1 1 1 1 1 1 1 1 1 1 1 1 1 1
inputOffset 9 0.000 0.000 0.000
inputJitter 9 0.000
inputLFO 9 0 1.000 0 0 1.000 0 0 1.000 0 0 1.000 0
9 0.000 0.000 0 1 5.223 3.848 0.700 1 1 1 0 0 0 30 0.000 -0.702 0 0 1.500 0.000 0 30.456 11.417 26.445 12.955 22.566 15.604 18.902 28.678 12.572 22.248 16.539 18.902 18.902 25.264 24.911 0.429 0.728 0.480 0.698 0.535 0.649 0.592 0.451 0.705 0.539 0.632 0.592 0.592 0.496 0.501 1 1 1 1 1 1 1 1 1 1 1 1 1 1 1
inputOffset 10 0.000 0.000 0.000
inputJitter 10 0.000
inputLFO 10 0 1.000 0 0 1.000 0 0 1.000 0 0 1.000 0
10 0.000 0.000 0 1 5.868 2.829 0.700 1 1 1 0 0 0 30 0.000 -0.700 0 0 1.500 0.000 0 31.300 9.171 27.112 11.746 22.990 15.166 18.979 29.434 10.955 22.618 16.211 18.979 18.979 24.300 23.886 0.421 0.776 0.472 0.722 0.529 0.657 0.591 0.443 0.738 0.535 0.638 0.591 0.591 0.510 0.516 1 1 1 1 1 1 1 1 1 1 1 1 1 1 1
inputOffset 11 0.000 0.000 0.000
inputJitter 11 0.000
inputLFO 11 0 1.000 0 0 1.000 0 0 1.000 0 0 1.000 0
11 0.000 0.000 0 2 1.365 5.987 1.200 1 1 1 0 0 0 30 0.000 -0.700 0 0 1.500 0.000 0 24.429 19.708 21.602 18.103 19.357 17.471 17.913 23.170 19.058 19.313 17.751 17.913 17.913 26.537 26.449 0.509 0.580 0.550 0.606 0.585 0.617 0.609 0.527 0.590 0.586 0.612 0.609 0.609 0.480 0.481 1 1 1 1 1 1 1 1 1 1 1 1 1 1 1
inputOffset 12 0.000 0.000 0.000
inputJitter 12 0.000
inputLFO 12 0 1.000 0 0 1.000 0 0 1.000 0 0 1.000 0
12 0.000 0.000 0 3 2.761 6.297 1.200 1 1 1 0 0 0 30 0.000 -0.700 0 0 1.500 0.000 0 28.007 19.052 24.875 18.380 22.166 18.731 20.050 26.585 18.856 21.993 19.148 20.050 20.050 28.345 28.179 0.461 0.590 0.502 0.601 0.541 0.595 0.574 0.479 0.593 0.544 0.589 0.574 0.574 0.456 0.458 1 1 1 1 1 1 1 1 1 1 1 1 1 1 1
inputOffset 13 0.000 0.000 0.000
inputJitter 13 0.000
inputLFO 13 0 1.000 0 0 1.000 0 0 1.000 0 0 1.000 0
13 0.000 0.000 0 4 3.997 7.458 1.100 1 1 1 0 0 0 30 0.000 -0.700 0 0 1.500 0.000 0 32.935 21.787 29.793 21.931 26.995 22.921 24.657 31.497 21.994 26.770 23.392 24.657 24.657 32.719 32.512 0.402 0.547 0.438 0.545 0.474 0.530 0.505 0.418 0.544 0.477 0.523 0.505 0.505 0.404 0.407 1 1 1 1 1 1 1 1 1 1 1 1 1 1 1
inputOffset 14 0.000 0.000 0.000
inputJitter 14 0.000
inputLFO 14 0 1.000 0 0 1.000 0 0 1.000 0 0 1.000 0
14 0.000 0.000 0 5 4.509 5.967 1.300 1 1 1 0 0 0 30 0.000 -0.700 0 0 1.500 0.000 0 31.487 17.412 27.952 17.958 24.686 19.493 21.808 29.846 17.811 24.364 20.060 21.808 21.808 29.380 29.119 0.418 0.618 0.461 0.608 0.505 0.583 0.547 0.438 0.611 0.510 0.574 0.547 0.547 0.443 0.447 1 1 1 1 1 1 1 1 1 1 1 1 1 1 1
inputOffset 15 0.000 0.000 0.000
inputJitter 15 0.000
inputLFO 15 0 1.000 0 0 1.000 0 0 1.000 0 0 1.000 0
15 0.000 0.000 0 6 5.918 4.901 1.300 1 1 1 0 0 0 30 0.000 -0.700 0 0 1.500 0.000 0 33.544 14.899 29.653 16.648 25.914 19.247 22.403 31.728 15.936 25.491 19.972 22.403 22.403 28.943 28.594 0.395 0.662 0.440 0.631 0.488 0.587 0.538 0.416 0.643 0.494 0.575 0.538 0.538 0.449 0.453 1 1 1 1 1 1 1 1 1 1 1 1 1 1 1
inputOffset 16 0.000 0.000 0.000
inputJitter 16 0.000
inputLFO 16 0 1.000 0 0 1.000 0 0 1.000 0 0 1.000 0
16 0.000 0.000 0 1 -3.980 0.563 1.000 1 1 1 0 0 0 30 0.000 -0.700 0 1 2.700 -10.000 3 29.334 19.576 26.183 19.167 23.425 19.740 21.216 27.639 19.137 22.921 19.819 21.216 21.216 28.991 28.807 0.444 0.582 0.485 0.588 0.523 0.579 0.556 0.465 0.589 0.530 0.578 0.556 0.556 0.448 0.451 1 1 1 1 1 1 1 1 1 1 1 1 1 1 1
inputOffset 17 0.000 0.000 0.000
inputJitter 17 0.000
inputLFO 17 0 1.000 0 0 1.000 0 0 1.000 0 0 1.000 0
17 0.000 0.000 0 1 -3.323 0.000 0.400 1 1 1 0 0 0 0 0.000 -0.700 0 1 2.200 -5.000 0 31.931 31.931 30.401 30.401 29.445 29.445 29.119 31.099 31.099 29.345 29.345 29.119 29.119 37.856 37.856 0.321 0.321 0.339 0.339 0.351 0.351 0.355 0.331 0.331 0.352 0.352 0.355 0.355 0.260 0.260 1 1 1 1 1 1 1 1 1 1 1 1 1 1 1
inputOffset 18 0.000 0.000 0.000
inputJitter 18 0.000
inputLFO 18 0 1.000 0 0 1.000 0 0 1.000 0 0 1.000 0
18 0.000 0.000 0 1 -3.323 0.000 0.400 1 1 1 1 0 0 0 0.000 -0.700 0 1 2.200 -5.000 0 25.582 12.735 21.841 12.200 18.378 13.177 15.382 25.387 15.307 20.045 16.280 15.382 15.382 22.735 22.493 0.493 0.703 0.546 0.713 0.601 0.694 0.653 0.495 0.655 0.574 0.637 0.653 0.653 0.533 0.537 1 1 1 1 1 1 1 1 1 1 1 1 1 1 1
inputOffset 19 0.000 0.000 0.000
inputJitter 19 0.000
inputLFO 19 0 1.000 0 0 1.000 0 0 1.000 0 0 1.000 0
19 1.500 0.000 0 1 -2.551 2.277 1.300 1 1 1 0 0 0 0 0.000 -0.700 0 0 1.500 0.000 0 34.882 26.552 32.188 26.361 29.893 26.888 28.093 31.582 23.894 27.372 24.639 28.093 28.093 35.846 35.687 0.381 0.480 0.410 0.482 0.437 0.475 0.460 0.417 0.516 0.469 0.506 0.460 0.460 0.371 0.372 1 1 1 1 1 1 1 1 1 1 1 1 1 1 1
inputOffset 20 0.000 0.000 0.000
inputJitter 20 0.000
inputLFO 20 0 1.000 0 0 1.000 0 0 1.000 0 0 1.000 0
20 6.000 0.000 0 1 -3.204 3.352 1.300 1 1 1 0 0 0 0 0.000 -0.700 0 0 1.500 0.000 0 31.931 31.931 30.401 30.401 29.445 29.445 29.119 31.099 31.099 29.345 29.345 29.119 29.119 37.856 37.856 0.321 0.321 0.339 0.339 0.351 0.351 0.355 0.331 0.331 0.352 0.352 0.355 0.355 0.260 0.260 1 1 1 1 1 1 1 1 1 1 1 1 1 1 1
inputOffset 21 0.000 0.000 0.000
inputJitter 21 0.000
inputLFO 21 0 1.000 0 0 1.000 0 0 1.000 0 0 1.000 0
21 3.000 0.000 0 1 0.000 2.200 2.100 1 1 1 0 0 0 0 0.000 -0.700 0 0 1.500 0.000 0 20.185 23.213 18.274 20.532 17.281 18.505 17.362 19.129 21.804 17.217 18.247 17.362 17.362 26.010 26.066 0.572 0.526 0.603 0.567 0.620 0.599 0.618 0.589 0.547 0.621 0.604 0.618 0.618 0.487 0.486 1 1 1 1 1 1 1 1 1 1 1 1 1 1 1
inputOffset 22 0.000 0.000 0.000
inputJitter 22 0.000
inputLFO 22 0 1.000 0 0 1.000 0 0 1.000 0 0 1.000 0
22 3.000 0.000 0 1 0.000 2.200 2.100 1 1 1 0 0 0 0 0.000 -0.700 0 0 1.500 0.000 0 18.005 32.510 18.733 28.973 20.391 25.692 22.778 18.242 30.715 20.745 25.177 22.778 22.778 30.022 30.292 1.000 1.000 1.000 1.000 1.000 1.000 1.000 1.000 1.000 1.000 1.000 1.000 1.000 1.000 1.000 1 1 1 1 1 1 1 1 1 1 1 1 1 1 1
inputOffset 23 0.000 0.000 0.000
inputJitter 23 0.000
inputLFO 23 0 1.000 0 0 1.000 0 0 1.000 0 0 1.000 0
23 0.000 0.000 1 1 0.000 7.953 0.000 0 0 0 0 0 0 0 0.000 0.000 0 0 1.500 0.000 0 4.796 22.992 3.448 18.681 6.239 14.404 10.204 3.561 20.834 6.866 13.697 10.204 10.204 15.264 15.628 0.893 0.581 0.922 0.643 0.863 0.712 0.786 0.919 0.612 0.850 0.724 0.786 0.786 0.697 0.692 1 1 1 1 1 1 1 1 1 1 1 1 1 1 1
inputOffset 24 0.000 0.000 0.000
inputJitter 24 0.000
inputLFO 24 0 1.000 0 0 1.000 0 0 1.000 0 0 1.000 0
24 0.000 0.000 1 1 0.000 7.953 0.000 0 0 0 1 0 0 0 0.000 0.000 0 0 1.500 0.000 0 16.252 16.852 13.117 13.612 10.869 11.169 10.117 14.606 15.161 10.623 10.879 10.117 10.117 18.846 18.858 0.681 0.672 0.734 0.725 0.774 0.768 0.788 0.708 0.699 0.778 0.774 0.788 0.788 0.641 0.641 1 1 1 1 1 1 1 1 1 1 1 1 1 1 1
inputOffset 25 0.000 0.000 0.000
inputJitter 25 0.000
inputLFO 25 0 1.000 0 0 1.000 0 0 1.000 0 0 1.000 0
25 0.000 0.000 1 1 0.000 7.953 0.000 0 0 0 0 0 0 0 0.000 0.000 0 0 1.500 0.000 0 23.272 9.048 19.224 7.944 15.353 9.082 11.833 21.232 8.229 14.735 9.457 11.833 11.833 18.982 18.711 0.525 0.778 0.587 0.803 0.654 0.778 0.721 0.556 0.796 0.665 0.770 0.721 0.721 0.591 0.596 1 1 1 1 1 1 1 1 1 1 1 1 1 1 1
inputOffset 26 0.000 0.000 0.000
inputJitter 26 0.000
inputLFO 26 0 1.000 0 0 1.000 0 0 1.000 0 0 1.000 0
26 0.000 0.000 1 1 0.000 7.953 0.000 0 0 0 1 0 0 0 0.000 0.000 0 0 1.500 0.000 0 15.991 28.370 15.870 24.858 16.915 21.660 18.936 15.780 26.582 17.192 21.168 18.936 18.936 26.542 26.771 0.642 0.456 0.645 0.503 0.626 0.549 0.592 0.646 0.479 0.621 0.557 0.592 0.592 0.480 0.477 1 1 1 1 1 1 1 1 1 1 1 1 1 1 1
inputOffset 27 0.000 0.000 0.000
inputJitter 27 0.000
inputLFO 27 0 1.000 0 0 1.000 0 0 1.000 0 0 1.000 0
27 0.000 -10.000 1 1 0.000 7.953 0.000 0 0 0 0 0 0 0 0.000 0.000 0 0 1.500 0.000 0 25.511 29.975 24.427 27.601 24.099 25.755 24.555 24.879 28.730 24.120 25.507 24.555 24.555 33.130 33.213 0.494 0.436 0.509 0.466 0.513 0.490 0.507 0.502 0.452 0.513 0.494 0.507 0.507 0.400 0.399 1 1 1 1 1 1 1 1 1 1 1 1 1 1 1
inputOffset 28 0.000 0.000 0.000
inputJitter 28 0.000
inputLFO 28 0 1.000 0 0 1.000 0 0 1.000 0 0 1.000 0
28 0.000 -10.000 1 1 0.000 7.953 0.000 0 0 0 1 0 0 0 0.000 0.000 0 0 1.500 0.000 0 25.511 29.975 24.427 27.601 24.099 25.755 24.555 24.879 28.730 24.120 25.507 24.555 24.555 33.130 33.213 0.494 0.436 0.509 0.466 0.513 0.490 0.507 0.502 0.452 0.513 0.494 0.507 0.507 0.400 0.399 1 1 1 1 1 1 1 1 1 1 1 1 1 1 1
inputOffset 29 0.000 0.000 0.000
inputJitter 29 0.000
inputLFO 29 0 1.000 0 0 1.000 0 0 1.000 0 0 1.000 0
29 0.000 -10.000 1 1 0.000 7.953 0.000 0 0 0 0 0 0 0 0.000 0.000 0 0 1.500 0.000 0 31.931 31.931 30.401 30.401 29.445 29.445 29.119 31.099 31.099 29.345 29.345 29.119 29.119 37.856 37.856 0.331 0.331 0.349 0.349 0.361 0.361 0.365 0.341 0.341 0.362 0.362 0.365 0.365 0.270 0.270 1 1 1 1 1 1 1 1 1 1 1 1 1 1 1
inputOffset 30 0.000 0.000 0.000
inputJitter 30 0.000
inputLFO 30 0 1.000 0 0 1.000 0 0 1.000 0 0 1.000 0
30 0.000 -10.000 1 1 0.000 7.953 0.000 0 0 0 1 0 0 0 0.000 0.000 0 0 1.500 0.000 0 31.931 31.931 30.401 30.401 29.445 29.445 29.119 31.099 31.099 29.345 29.345 29.119 29.119 37.856 37.856 0.331 0.331 0.349 0.349 0.361 0.361 0.365 0.341 0.341 0.362 0.362 0.365 0.365 0.270 0.270 1 1 1 1 1 1 1 1 1 1 1 1 1 1 1
inputOffset 31 0.000 0.000 0.000
inputJitter 31 0.000
inputLFO 31 0 1.000 0 0 1.000 0 0 1.000 0 0 1.000 0
31 0.000 0.000 1 1 4.000 7.807 0.000 0 0 0 0 0 0 30 0.000 -0.400 0 0 1.500 0.000 0 31.931 31.931 30.401 30.401 29.445 29.445 29.119 31.099 31.099 29.345 29.345 29.119 29.119 37.856 37.856 0.321 0.321 0.339 0.339 0.351 0.351 0.355 0.331 0.331 0.352 0.352 0.355 0.355 0.260 0.260 1 1 1 1 1 1 1 1 1 1 1 1 1 1 1
inputOffset 32 0.000 0.000 0.000
inputJitter 32 0.000
inputLFO 32 0 1.000 0 0 1.000 0 0 1.000 0 0 1.000 0
32 0.000 0.000 1 1 4.000 7.807 0.000 0 0 0 1 0 0 0 0.000 -0.400 0 0 1.500 0.000 0 31.931 31.931 30.401 30.401 29.445 29.445 29.119 31.099 31.099 29.345 29.345 29.119 29.119 37.856 37.856 0.321 0.321 0.339 0.339 0.351 0.351 0.355 0.331 0.331 0.352 0.352 0.355 0.355 0.260 0.260 1 1 1 1 1 1 1 1 1 1 1 1 1 1 1
