param 24
inputNames 1 QLab_1
inputNames 2 QLab_2
inputNames 3 QLab_3
inputNames 4 QLab_4
inputNames 5 QLab_5
inputNames 6 QLab_6
inputNames 7 QLab_7
inputNames 8 QLab_8
inputNames 9 QLab_9
inputNames 10 QLab_10
inputNames 11 QLab_11
inputNames 12 QLab_12
inputNames 13 QLab_13
inputNames 14 QLab_14
inputNames 15 QLab_15
inputNames 16 QLab_16
inputNames 17 QLab_17
inputNames 18 QLab_18
inputNames 19 QLab_19
inputNames 20 QLab_20
inputNames 21 QLab_21
inputNames 22 QLab_22
inputNames 23 Hall_L
inputNames 24 Hall_R
inputNames 25 Room_L
inputNames 26 Room_R
inputNames 27 Rvb_DwnS_L
inputNames 28 Rvb_DwnS_R
inputNames 29 Rvb_UpS_L
inputNames 30 Rvb_UpS_R
inputOffset 1 0.000 0.000 0.000
inputJitter 1 0.000
inputLFO 1 0 1.000 0 0 1.000 0 0 1.000 0 0 1.000 0
1 0.000 0.000 0 1 3.500 4.500 0.000 1 1 1 0 0 0 0 0.000 1.000 230 -45 -9.000 0 0 1.500 0.000 0 15.250 27.991 13.011 24.135 11.990 20.475 12.490 17.138 14.352 13.645 14.354 13.883 18.179 24.884 15.285 31.116 15.357 31.151 11.990 20.475 24.253 29.388 25.147 0.654 0.459 0.696 0.511 0.716 0.566 0.706 0.621 0.671 0.684 0.671 0.680 0.603 0.500 0.654 0.421 0.652 0.420 0.716 0.566 0.509 0.441 0.497 0.834 0.716 0.856 0.750 0.867 0.783 0.862 0.815 0.843 1.000 0.892 0.896 0.865 0.821 0.738 0.258 0.693 0.249 0.751 0.666 0.285 0.179 1.000 1 1 1 1 1 1 1 1 1 1 1 1 1 1 1 1 1 1 1 1 1 1 1
inputOffset 2 0.000 0.000 0.000
inputJitter 2 0.000
inputLFO 2 0 1.000 0 0 1.000 0 0 1.000 0 0 1.000 0
2 0.000 0.000 0 1 0.000 9.000 0.000 1 1 1 0 0 0 0 0.000 1.000 45 0 -20.000 0 0 1.500 0.000 0 26.880 17.462 23.199 15.000 19.789 13.520 16.816 13.356 14.550 24.402 24.056 17.979 14.794 16.293 29.181 17.166 29.346 17.445 19.789 13.520 27.257 23.111 15.576 0.473 0.615 0.524 0.659 0.577 0.686 0.626 0.690 0.667 0.507 0.512 0.606 0.663 0.636 0.444 0.620 0.442 0.615 0.577 0.686 0.468 0.526 0.648 0.179 0.306 0.206 0.489 0.249 0.851 0.332 0.853 0.613 0.262 0.237 0.383 0.889 0.588 0.091 0.116 0.087 0.121 0.197 0.764 0.055 0.058 0.498 1 1 1 1 1 1 1 1 1 1 1 1 1 1 1 1 1 1 1 1 1 1 1
inputOffset 3 0.000 0.000 0.000
inputJitter 3 0.000
inputLFO 3 0 1.000 0 0 1.000 0 0 1.000 0 0 1.000 0
3 0.000 0.000 0 1 -6.500 4.500 0.000 1 1 1 0 0 0 0 0.000 1.000 100 120 -25.000 0 0 1.500 0.000 0 26.880 17.462 23.199 15.000 19.789 13.520 16.816 13.356 14.550 24.402 24.056 17.979 14.794 16.293 29.181 17.166 29.346 17.445 19.789 13.520 27.257 23.111 15.576 0.473 0.615 0.524 0.659 0.577 0.686 0.626 0.690 0.667 0.507 0.512 0.606 0.663 0.636 0.444 0.620 0.442 0.615 0.577 0.686 0.468 0.526 0.648 0.041 0.149 0.043 0.112 0.045 0.084 0.048 0.065 0.054 0.056 0.047 0.052 0.068 0.112 0.035 0.711 0.030 0.660 0.036 0.075 0.069 0.323 0.146 1 1 1 1 1 1 1 1 1 1 1 1 1 1 1 1 1 1 1 1 1 1 1
inputOffset 4 0.000 0.000 0.000
inputJitter 4 0.000
inputLFO 4 0 1.000 0 0 1.000 0 0 1.000 0 0 1.000 0
4 0.000 0.000 0 1 0.000 0.000 0.000 1 1 1 0 0 0 0 0.000 -0.700 360 0 0.000 0 0 1.500 0.000 0 17.991 23.119 14.761 19.391 12.242 15.977 10.935 13.126 11.272 15.779 15.857 12.374 14.347 20.237 20.257 26.295 20.153 26.215 12.242 15.977 25.974 27.930 20.361 0.606 0.526 0.663 0.583 0.711 0.641 0.738 0.694 0.731 0.645 0.643 0.709 0.671 0.569 0.569 0.481 0.571 0.482 0.711 0.641 0.485 0.460 0.568 0.807 0.759 0.839 0.794 0.864 0.827 0.878 0.855 0.874 1.000 0.882 0.906 0.892 0.851 0.669 0.593 0.618 0.535 0.747 0.728 0.538 0.514 1.000 1 1 1 1 1 1 1 1 1 1 1 1 1 1 1 1 1 1 1 1 1 1 1
inputOffset 5 0.000 0.000 0.000
inputJitter 5 0.000
inputLFO 5 0 1.000 0 0 1.000 0 0 1.000 0 0 1.000 0
5 0.000 0.000 0 1 0.000 0.000 0.000 1 1 1 0 0 0 0 0.000 -0.700 360 0 -9.000 0 0 1.500 0.000 0 28.096 13.516 24.112 11.242 20.278 10.384 16.695 11.271 13.565 25.427 24.771 17.632 12.618 12.592 32.010 14.686 31.901 14.447 20.278 10.384 31.147 25.823 11.735 0.458 0.687 0.511 0.731 0.569 0.749 0.628 0.731 0.686 0.493 0.502 0.612 0.704 0.704 0.410 0.665 0.412 0.669 0.569 0.749 0.420 0.488 0.721 0.715 0.851 0.750 0.875 0.785 0.884 0.819 0.874 0.851 1.000 0.821 0.869 0.905 0.905 0.529 0.747 0.467 0.709 0.617 0.814 0.476 0.540 1.000 1 1 1 1 1 1 1 1 1 1 1 1 1 1 1 1 1 1 1 1 1 1 1
inputOffset 6 0.000 0.000 0.000
inputJitter 6 0.000
inputLFO 6 0 1.000 0 0 1.000 0 0 1.000 0 0 1.000 0
6 0.000 0.000 0 1 0.000 0.000 0.000 1 1 1 0 0 0 0 0.000 -0.700 360 0 0.000 0 0 1.500 0.000 0 22.043 19.693 18.480 16.369 15.325 13.632 12.883 11.893 11.611 19.632 19.416 14.193 13.301 17.419 24.629 21.814 24.622 21.806 15.325 13.632 26.668 25.733 17.211 0.542 0.578 0.598 0.634 0.653 0.684 0.699 0.718 0.724 0.579 0.583 0.674 0.691 0.616 0.504 0.545 0.504 0.545 0.653 0.684 0.476 0.489 0.619 0.769 0.791 0.802 0.823 0.833 0.850 0.858 0.868 0.871 1.000 0.857 0.893 0.900 0.871 0.613 0.648 0.556 0.595 0.694 0.763 0.529 0.541 1.000 1 1 1 1 1 1 1 1 1 1 1 1 1 1 1 1 1 1 1 1 1 1 1
inputOffset 7 0.000 0.000 0.000
inputJitter 7 0.000
inputLFO 7 0 1.000 0 0 1.000 0 0 1.000 0 0 1.000 0
7 0.000 0.000 0 8 0.000 0.000 0.000 1 1 1 0 0 0 0 0.000 -0.700 80 0 0.000 0 0 1.500 0.000 0 22.043 19.693 18.480 16.369 15.325 13.632 12.883 11.893 11.611 19.632 19.416 14.193 13.301 17.419 24.629 21.814 24.622 21.806 15.325 13.632 26.668 25.733 17.211 0.542 0.578 0.598 0.634 0.653 0.684 0.699 0.718 0.724 0.579 0.583 0.674 0.691 0.616 0.504 0.545 0.504 0.545 0.653 0.684 0.476 0.489 0.619 0.769 0.791 0.802 0.823 0.833 0.850 0.858 0.868 0.871 1.000 0.857 0.893 0.900 0.871 0.613 0.648 0.556 0.595 0.694 0.763 0.529 0.541 1.000 1 1 1 1 1 1 1 1 1 1 1 1 1 1 1 1 1 1 1 1 1 1 1
inputOffset 8 0.000 0.000 0.000
inputJitter 8 0.000
inputLFO 8 0 1.000 0 0 1.000 0 0 1.000 0 0 1.000 0
8 0.000 0.000 0 1 0.000 0.000 0.000 1 1 1 0 0 0 0 0.000 -0.700 360 0 0.000 0 0 1.500 0.000 0 25.038 13.673 20.971 10.479 17.041 8.391 13.371 8.293 10.242 22.315 21.569 14.290 9.706 11.629 29.919 17.565 29.575 16.972 17.041 8.391 31.910 28.253 11.255 0.504 0.688 0.564 0.751 0.628 0.795 0.694 0.797 0.756 0.543 0.554 0.677 0.767 0.728 0.441 0.619 0.445 0.629 0.628 0.795 0.418 0.462 0.735 0.742 0.850 0.779 0.883 0.816 0.905 0.853 0.906 0.885 1.000 0.842 0.893 0.926 0.912 0.552 0.705 0.494 0.667 0.666 0.846 0.467 0.510 1.000 1 1 1 1 1 1 1 1 1 1 1 1 1 1 1 1 1 1 1 1 1 1 1
inputOffset 9 0.000 0.000 0.000
inputJitter 9 0.000
inputLFO 9 0 1.000 0 0 1.000 0 0 1.000 0 0 1.000 0
9 0.000 0.000 0 1 0.000 0.000 0.000 1 1 1 0 0 0 0 0.000 -0.700 360 0 0.000 0 0 1.500 0.000 0 21.270 23.372 18.221 20.060 15.791 17.213 14.299 15.097 14.047 19.182 19.355 15.718 16.447 21.095 21.843 24.540 22.159 24.822 15.791 17.213 23.406 24.388 20.906 0.553 0.522 0.602 0.572 0.644 0.619 0.672 0.657 0.677 0.586 0.584 0.646 0.633 0.556 0.545 0.505 0.540 0.501 0.644 0.619 0.521 0.507 0.559 0.776 0.757 0.805 0.787 0.828 0.814 0.843 0.835 0.846 1.000 0.857 0.883 0.877 0.846 0.648 0.614 0.590 0.553 0.686 0.710 0.572 0.559 1.000 1 1 1 1 1 1 1 1 1 1 1 1 1 1 1 1 1 1 1 1 1 1 1
inputOffset 10 0.000 0.000 0.000
inputJitter 10 0.000
inputLFO 10 0 1.000 0 0 1.000 0 0 1.000 0 0 1.000 0
10 0.000 0.000 0 1 0.000 0.000 0.000 1 1 1 0 0 0 0 0.000 -0.700 360 0 0.000 0 0 1.500 0.000 0 23.118 29.766 21.124 26.644 19.895 23.908 19.573 21.703 20.204 21.713 22.472 21.021 23.017 27.725 19.255 28.974 20.419 29.761 19.895 23.908 17.038 21.589 27.444 0.526 0.437 0.556 0.476 0.575 0.514 0.580 0.547 0.570 0.547 0.535 0.557 0.527 0.462 0.585 0.447 0.567 0.437 0.575 0.514 0.622 0.548 0.466 0.759 0.247 0.777 0.330 0.789 0.608 0.792 0.772 0.786 1.000 0.836 0.846 0.833 0.404 0.135 0.097 0.145 0.094 0.622 0.502 0.048 0.048 0.419 1 1 1 1 1 1 1 1 1 1 1 1 1 1 1 1 1 1 1 1 1 1 1
inputOffset 11 0.000 0.000 0.000
inputJitter 11 0.000
inputLFO 11 0 1.000 0 0 1.000 0 0 1.000 0 0 1.000 0
11 0.000 0.000 0 1 0.000 0.000 0.000 1 1 1 0 0 0 0 0.000 -0.700 360 0 0.000 0 0 1.500 0.000 0 17.440 17.440 13.115 13.115 8.810 8.810 4.580 4.580 1.448 14.555 13.352 5.222 5.222 13.352 25.908 25.908 24.748 24.748 8.810 8.810 35.828 35.828 14.267 0.616 0.616 0.694 0.694 0.783 0.783 0.880 0.880 0.961 0.667 0.690 0.865 0.865 0.690 0.486 0.486 0.502 0.502 0.783 0.783 0.369 0.369 0.672 0.812 0.812 0.855 0.855 0.900 0.900 0.947 0.947 0.983 1.000 0.899 0.959 0.959 0.899 0.598 0.598 0.554 0.554 0.811 0.839 0.426 0.426 1.000 1 1 1 1 1 1 1 1 1 1 1 1 1 1 1 1 1 1 1 1 1 1 1
inputOffset 12 0.000 0.000 0.000
inputJitter 12 0.000
inputLFO 12 0 1.000 0 0 1.000 0 0 1.000 0 0 1.000 0
12 0.000 0.000 0 1 0.000 0.000 0.000 1 1 1 0 0 0 0 0.000 -0.700 360 0 0.000 0 0 1.500 0.000 0 24.584 29.461 22.476 26.511 21.065 23.990 20.495 22.044 20.835 23.109 23.804 21.943 23.396 27.646 20.765 27.975 21.971 28.882 21.065 23.990 16.465 20.072 27.261 0.505 0.441 0.535 0.478 0.557 0.513 0.565 0.542 0.560 0.526 0.516 0.543 0.522 0.463 0.561 0.459 0.543 0.448 0.557 0.513 0.632 0.572 0.468 0.538 0.515 0.547 0.529 0.553 0.541 0.556 0.549 0.554 0.716 0.591 0.595 0.592 0.581 0.506 0.443 0.446 0.383 0.431 0.447 0.673 0.617 0.727 1 1 1 1 1 1 1 1 1 1 1 1 1 1 1 1 1 1 1 1 1 1 1
inputOffset 13 0.000 0.000 0.000
inputJitter 13 0.000
inputLFO 13 0 1.000 0 0 1.000 0 0 1.000 0 0 1.000 0
13 0.000 0.000 0 1 0.000 0.000 0.000 1 1 1 0 0 0 0 0.000 -0.700 360 0 0.000 0 0 1.500 0.000 0 35.028 32.648 32.782 30.885 30.986 29.658 29.722 29.036 29.058 33.485 34.069 31.135 30.481 32.247 30.059 26.244 31.689 28.097 30.986 29.658 13.175 9.646 31.306 0.377 0.403 0.402 0.423 0.422 0.438 0.437 0.446 0.446 0.394 0.388 0.421 0.428 0.408 0.433 0.482 0.414 0.458 0.422 0.438 0.693 0.765 0.419 0.474 0.485 0.484 0.493 0.492 0.498 0.498 0.501 0.501 0.718 0.546 0.554 0.556 0.551 0.410 0.438 0.347 0.375 0.340 0.394 0.730 0.795 0.713 1 1 1 1 1 1 1 1 1 1 1 1 1 1 1 1 1 1 1 1 1 1 1
inputOffset 14 0.000 0.000 0.000
inputJitter 14 0.000
inputLFO 14 0 1.000 0 0 1.000 0 0 1.000 0 0 1.000 0
14 0.000 0.000 0 1 0.000 0.000 0.000 1 1 1 0 0 0 0 0.000 -0.700 360 0 0.000 0 0 1.500 0.000 0 17.440 17.440 13.115 13.115 8.810 8.810 4.580 4.580 1.448 14.555 13.352 5.222 5.222 13.352 25.908 25.908 24.748 24.748 8.810 8.810 35.828 35.828 14.267 0.616 0.616 0.694 0.694 0.783 0.783 0.880 0.880 0.961 0.667 0.690 0.865 0.865 0.690 0.486 0.486 0.502 0.502 0.783 0.783 0.369 0.369 0.672 0.812 0.812 0.855 0.855 0.900 0.900 0.947 0.947 0.983 1.000 0.899 0.959 0.959 0.899 0.598 0.598 0.554 0.554 0.811 0.839 0.426 0.426 1.000 1 1 1 1 1 1 1 1 1 1 1 1 1 1 1 1 1 1 1 1 1 1 1
inputOffset 15 0.000 0.000 0.000
inputJitter 15 0.000
inputLFO 15 0 1.000 0 0 1.000 0 0 1.000 0 0 1.000 0
15 0.000 0.000 0 1 0.000 0.000 0.000 1 1 1 0 0 0 0 0.000 -0.700 360 0 0.000 0 0 1.500 0.000 0 17.440 17.440 13.115 13.115 8.810 8.810 4.580 4.580 1.448 14.555 13.352 5.222 5.222 13.352 25.908 25.908 24.748 24.748 8.810 8.810 35.828 35.828 14.267 0.616 0.616 0.694 0.694 0.783 0.783 0.880 0.880 0.961 0.667 0.690 0.865 0.865 0.690 0.486 0.486 0.502 0.502 0.783 0.783 0.369 0.369 0.672 0.812 0.812 0.855 0.855 0.900 0.900 0.947 0.947 0.983 1.000 0.899 0.959 0.959 0.899 0.598 0.598 0.554 0.554 0.811 0.839 0.426 0.426 1.000 1 1 1 1 1 1 1 1 1 1 1 1 1 1 1 1 1 1 1 1 1 1 1
inputOffset 16 0.000 0.000 0.000
inputJitter 16 0.000
inputLFO 16 0 1.000 0 0 1.000 0 0 1.000 0 0 1.000 0
16 0.000 0.000 0 1 0.000 0.000 0.000 1 1 1 0 0 0 0 0.000 -0.700 360 0 0.000 0 0 1.500 0.000 0 17.440 17.440 13.115 13.115 8.810 8.810 4.580 4.580 1.448 14.555 13.352 5.222 5.222 13.352 25.908 25.908 24.748 24.748 8.810 8.810 35.828 35.828 14.267 0.616 0.616 0.694 0.694 0.783 0.783 0.880 0.880 0.961 0.667 0.690 0.865 0.865 0.690 0.486 0.486 0.502 0.502 0.783 0.783 0.369 0.369 0.672 0.812 0.812 0.855 0.855 0.900 0.900 0.947 0.947 0.983 1.000 0.899 0.959 0.959 0.899 0.598 0.598 0.554 0.554 0.811 0.839 0.426 0.426 1.000 1 1 1 1 1 1 1 1 1 1 1 1 1 1 1 1 1 1 1 1 1 1 1
inputOffset 17 0.000 0.000 0.000
inputJitter 17 0.000
inputLFO 17 0 1.000 0 0 1.000 0 0 1.000 0 0 1.000 0
17 0.000 0.000 0 1 0.000 0.000 0.000 1 1 1 0 0 0 0 0.000 -0.700 360 0 0.000 0 0 1.500 0.000 0 17.440 17.440 13.115 13.115 8.810 8.810 4.580 4.580 1.448 14.555 13.352 5.222 5.222 13.352 25.908 25.908 24.748 24.748 8.810 8.810 35.828 35.828 14.267 0.616 0.616 0.694 0.694 0.783 0.783 0.880 0.880 0.961 0.667 0.690 0.865 0.865 0.690 0.486 0.486 0.502 0.502 0.783 0.783 0.369 0.369 0.672 0.812 0.812 0.855 0.855 0.900 0.900 0.947 0.947 0.983 1.000 0.899 0.959 0.959 0.899 0.598 0.598 0.554 0.554 0.811 0.839 0.426 0.426 1.000 1 1 1 1 1 1 1 1 1 1 1 1 1 1 1 1 1 1 1 1 1 1 1
inputOffset 18 0.000 0.000 0.000
inputJitter 18 0.000
inputLFO 18 0 1.000 0 0 1.000 0 0 1.000 0 0 1.000 0
18 0.000 0.000 0 1 0.000 0.000 0.000 1 1 1 0 0 0 0 0.000 -0.700 360 0 0.000 0 0 1.500 0.000 0 17.440 17.440 13.115 13.115 8.810 8.810 4.580 4.580 1.448 14.555 13.352 5.222 5.222 13.352 25.908 25.908 24.748 24.748 8.810 8.810 35.828 35.828 14.267 0.616 0.616 0.694 0.694 0.783 0.783 0.880 0.880 0.961 0.667 0.690 0.865 0.865 0.690 0.486 0.486 0.502 0.502 0.783 0.783 0.369 0.369 0.672 0.812 0.812 0.855 0.855 0.900 0.900 0.947 0.947 0.983 1.000 0.899 0.959 0.959 0.899 0.598 0.598 0.554 0.554 0.811 0.839 0.426 0.426 1.000 1 1 1 1 1 1 1 1 1 1 1 1 1 1 1 1 1 1 1 1 1 1 1
inputOffset 19 0.000 0.000 0.000
inputJitter 19 0.000
inputLFO 19 0 1.000 0 0 1.000 0 0 1.000 0 0 1.000 0
19 0.000 0.000 0 1 0.000 0.000 0.000 1 1 1 0 0 0 0 0.000 -0.700 360 0 0.000 0 0 1.500 0.000 0 17.440 17.440 13.115 13.115 8.810 8.810 4.580 4.580 1.448 14.555 13.352 5.222 5.222 13.352 25.908 25.908 24.748 24.748 8.810 8.810 35.828 35.828 14.267 0.616 0.616 0.694 0.694 0.783 0.783 0.880 0.880 0.961 0.667 0.690 0.865 0.865 0.690 0.486 0.486 0.502 0.502 0.783 0.783 0.369 0.369 0.672 0.812 0.812 0.855 0.855 0.900 0.900 0.947 0.947 0.983 1.000 0.899 0.959 0.959 0.899 0.598 0.598 0.554 0.554 0.811 0.839 0.426 0.426 1.000 1 1 1 1 1 1 1 1 1 1 1 1 1 1 1 1 1 1 1 1 1 1 1
inputOffset 20 0.000 0.000 0.000
inputJitter 20 0.000
inputLFO 20 0 1.000 0 0 1.000 0 0 1.000 0 0 1.000 0
20 0.000 0.000 0 1 0.000 0.000 0.000 1 1 1 0 0 0 0 0.000 -0.700 360 0 0.000 0 0 1.500 0.000 0 17.440 17.440 13.115 13.115 8.810 8.810 4.580 4.580 1.448 14.555 13.352 5.222 5.222 13.352 25.908 25.908 24.748 24.748 8.810 8.810 35.828 35.828 14.267 0.616 0.616 0.694 0.694 0.783 0.783 0.880 0.880 0.961 0.667 0.690 0.865 0.865 0.690 0.486 0.486 0.502 0.502 0.783 0.783 0.369 0.369 0.672 0.812 0.812 0.855 0.855 0.900 0.900 0.947 0.947 0.983 1.000 0.899 0.959 0.959 0.899 0.598 0.598 0.554 0.554 0.811 0.839 0.426 0.426 1.000 1 1 1 1 1 1 1 1 1 1 1 1 1 1 1 1 1 1 1 1 1 1 1
inputOffset 21 0.000 0.000 0.000
inputJitter 21 0.000
inputLFO 21 0 1.000 0 0 1.000 0 0 1.000 0 0 1.000 0
21 0.000 0.000 0 1 0.000 0.000 0.000 1 1 1 0 0 0 0 0.000 -0.700 360 0 0.000 0 0 1.500 0.000 0 17.440 17.440 13.115 13.115 8.810 8.810 4.580 4.580 1.448 14.555 13.352 5.222 5.222 13.352 25.908 25.908 24.748 24.748 8.810 8.810 35.828 35.828 14.267 0.616 0.616 0.694 0.694 0.783 0.783 0.880 0.880 0.961 0.667 0.690 0.865 0.865 0.690 0.486 0.486 0.502 0.502 0.783 0.783 0.369 0.369 0.672 0.812 0.812 0.855 0.855 0.900 0.900 0.947 0.947 0.983 1.000 0.899 0.959 0.959 0.899 0.598 0.598 0.554 0.554 0.811 0.839 0.426 0.426 1.000 1 1 1 1 1 1 1 1 1 1 1 1 1 1 1 1 1 1 1 1 1 1 1
inputOffset 22 0.000 0.000 0.000
inputJitter 22 0.000
inputLFO 22 0 1.000 0 0 1.000 0 0 1.000 0 0 1.000 0
22 0.000 0.000 0 1 0.000 0.000 0.000 1 1 1 0 0 0 0 0.000 -0.700 360 0 0.000 0 0 1.500 0.000 0 17.440 17.440 13.115 13.115 8.810 8.810 4.580 4.580 1.448 14.555 13.352 5.222 5.222 13.352 25.908 25.908 24.748 24.748 8.810 8.810 35.828 35.828 14.267 0.616 0.616 0.694 0.694 0.783 0.783 0.880 0.880 0.961 0.667 0.690 0.865 0.865 0.690 0.486 0.486 0.502 0.502 0.783 0.783 0.369 0.369 0.672 0.812 0.812 0.855 0.855 0.900 0.900 0.947 0.947 0.983 1.000 0.899 0.959 0.959 0.899 0.598 0.598 0.554 0.554 0.811 0.839 0.426 0.426 1.000 1 1 1 1 1 1 1 1 1 1 1 1 1 1 1 1 1 1 1 1 1 1 1
inputOffset 23 0.000 0.000 0.000
inputJitter 23 0.000
inputLFO 23 0 1.000 0 0 1.000 0 0 1.000 0 0 1.000 0
23 0.000 0.000 0 1 12.000 6.000 4.000 0 0 0 1 0 0 0 0.000 -0.700 360 0 0.000 0 0 1.500 0.000 0 25.623 55.433 28.747 51.368 32.157 47.352 35.770 43.400 39.530 39.530 29.716 36.553 44.048 51.916 12.954 58.220 14.483 58.579 32.157 47.352 31.331 46.795 0.490 0.214 0.449 0.239 0.409 0.268 0.370 0.299 0.333 0.333 0.437 0.362 0.294 0.236 0.000 0.198 0.000 0.196 0.409 0.268 0.418 0.272 0.737 0.516 0.710 0.542 0.682 0.569 0.653 0.596 0.624 1.000 0.790 0.748 0.705 0.662 0.773 0.314 0.708 0.247 0.464 0.390 0.474 0.328 1 1 1 1 1 1 1 1 1 0 1 1 1 1 0 0 0 0 0 0 0 0 0
inputOffset 24 0.000 0.000 0.000
inputJitter 24 0.000
inputLFO 24 0 1.000 0 0 1.000 0 0 1.000 0 0 1.000 0
24 0.000 0.000 0 1 12.000 6.000 4.000 0 0 0 0 0 0 0 0.000 -0.700 360 0 0.000 0 0 1.500 0.000 0 55.433 25.623 51.368 28.747 47.352 32.157 43.400 35.770 39.530 39.530 51.916 44.048 36.553 29.716 58.220 12.954 58.579 14.483 47.352 32.157 46.795 31.331 0.214 0.490 0.239 0.449 0.268 0.409 0.299 0.370 0.333 0.333 0.236 0.294 0.362 0.437 0.198 0.000 0.196 0.000 0.268 0.409 0.272 0.418 0.516 0.737 0.542 0.710 0.569 0.682 0.596 0.653 0.624 1.000 0.662 0.705 0.748 0.790 0.314 0.773 0.247 0.708 0.323 0.528 0.328 0.474 1 1 1 1 1 1 1 1 1 0 1 1 1 1 0 0 0 0 0 0 0 0 0
inputOffset 25 0.000 0.000 0.000
inputJitter 25 0.000
inputLFO 25 0 1.000 0 0 1.000 0 0 1.000 0 0 1.000 0
25 0.000 0.000 0 1 7.000 4.000 2.000 0 0 0 1 0 0 0 0.000 -0.700 360 0 0.000 0 0 1.500 0.000 0 13.352 39.847 14.911 35.770 17.440 31.763 20.584 27.858 24.104 24.104 16.192 21.530 28.564 36.323 2.897 43.448 4.096 43.545 17.440 31.763 25.908 37.094 0.690 0.330 0.660 0.370 0.616 0.413 0.564 0.461 0.511 0.511 0.637 0.549 0.452 0.364 0.923 0.299 0.892 0.298 0.616 0.413 0.486 0.356 0.853 0.622 0.837 0.653 0.812 0.685 0.782 0.717 0.750 1.000 0.879 0.843 0.797 0.749 0.944 0.422 0.907 0.354 0.660 0.532 0.539 0.413 1 1 1 1 1 1 1 1 1 0 1 1 1 1 0 0 0 0 0 0 0 0 0
inputOffset 26 0.000 0.000 0.000
inputJitter 26 0.000
inputLFO 26 0 1.000 0 0 1.000 0 0 1.000 0 0 1.000 0
26 0.000 0.000 0 1 7.000 4.000 2.000 0 0 0 0 0 0 0 0.000 -0.700 360 0 0.000 0 0 1.500 0.000 0 39.847 13.352 35.770 14.911 31.763 17.440 27.858 20.584 24.104 24.104 36.323 28.564 21.530 16.192 43.448 2.897 43.545 4.096 31.763 17.440 37.094 25.908 0.330 0.690 0.370 0.660 0.413 0.616 0.461 0.564 0.511 0.511 0.364 0.452 0.549 0.637 0.299 0.923 0.298 0.892 0.413 0.616 0.356 0.486 0.622 0.853 0.653 0.837 0.685 0.812 0.717 0.782 0.750 1.000 0.749 0.797 0.843 0.879 0.422 0.944 0.354 0.907 0.469 0.707 0.413 0.539 1 1 1 1 1 1 1 1 1 0 1 1 1 1 0 0 0 0 0 0 0 0 0
inputOffset 27 0.000 0.000 0.000
inputJitter 27 0.000
inputLFO 27 0 1.000 0 0 1.000 0 0 1.000 0 0 1.000 0
27 0.000 0.000 0 1 3.205 0.000 0.000 0 0 0 1 0 0 0 0.000 -1.000 360 0 0.000 0 0 1.500 0.000 0 8.224 26.702 4.021 22.365 1.565 18.031 5.147 13.705 9.396 9.396 4.739 5.725 13.933 22.505 18.087 34.462 16.383 33.599 1.565 18.031 34.764 39.130 0.795 0.365 0.894 0.491 0.957 0.606 0.867 0.683 0.770 0.770 0.876 0.853 0.679 0.535 0.605 0.383 0.634 0.393 0.957 0.606 0.380 0.337 0.907 0.727 0.953 0.766 0.982 0.807 0.940 0.849 0.894 1.000 0.963 0.956 0.895 0.836 0.698 0.504 0.677 0.449 0.963 0.699 0.436 0.393 1 1 1 1 1 1 1 1 1 0 1 1 1 1 0 0 0 0 0 0 0 0 0
inputOffset 28 0.000 0.000 0.000
inputJitter 28 0.000
inputLFO 28 0 1.000 0 0 1.000 0 0 1.000 0 0 1.000 0
28 0.000 0.000 0 1 3.205 0.000 0.000 0 0 0 0 0 0 0 0.000 -1.000 360 0 0.000 0 0 1.500 0.000 0 26.702 8.224 22.365 4.021 18.031 1.565 13.705 5.147 9.396 9.396 22.505 13.933 5.725 4.739 34.462 18.087 33.599 16.383 18.031 1.565 39.130 34.764 0.365 0.795 0.491 0.894 0.606 0.957 0.683 0.867 0.770 0.770 0.535 0.679 0.853 0.876 0.383 0.605 0.393 0.634 0.606 0.957 0.337 0.380 0.727 0.907 0.766 0.953 0.807 0.982 0.849 0.940 0.894 1.000 0.836 0.895 0.956 0.963 0.504 0.698 0.449 0.677 0.650 0.969 0.393 0.436 1 1 1 1 1 1 1 1 1 0 1 1 1 1 0 0 0 0 0 0 0 0 0
inputOffset 29 0.000 0.000 0.000
inputJitter 29 0.000
inputLFO 29 0 1.000 0 0 1.000 0 0 1.000 0 0 1.000 0
29 0.000 0.000 0 1 4.500 12.500 0.000 0 0 0 1 0 0 0 0.000 -0.300 360 0 0.000 0 0 1.500 0.000 0 37.905 48.404 37.655 45.799 37.905 43.472 38.645 41.472 39.847 39.847 39.103 40.057 42.792 46.997 26.626 43.785 29.325 45.477 37.905 43.472 4.580 21.772 0.348 0.260 0.351 0.280 0.348 0.298 0.341 0.315 0.330 0.330 0.337 0.328 0.304 0.270 0.477 0.296 0.442 0.282 0.348 0.298 0.000 0.000 0.636 0.561 0.638 0.579 0.636 0.595 0.631 0.610 0.622 1.000 0.733 0.727 0.712 0.688 0.589 0.419 0.497 0.338 0.405 0.421 0.897 0.595 1 1 1 1 1 1 1 1 1 0 1 1 1 1 0 0 0 0 0 0 0 0 0
inputOffset 30 0.000 0.000 0.000
inputJitter 30 0.000
inputLFO 30 0 1.000 0 0 1.000 0 0 1.000 0 0 1.000 0
30 0.000 0.000 0 1 4.500 12.500 0.000 0 0 0 0 0 0 0 0.000 -0.300 360 0 0.000 0 0 1.500 0.000 0 48.404 37.905 45.799 37.655 43.472 37.905 41.472 38.645 39.847 39.847 46.997 42.792 40.057 39.103 43.785 26.626 45.477 29.325 43.472 37.905 21.772 4.580 0.260 0.348 0.280 0.351 0.298 0.348 0.315 0.341 0.330 0.330 0.270 0.304 0.328 0.337 0.296 0.477 0.282 0.442 0.298 0.348 0.000 0.000 0.561 0.636 0.579 0.638 0.595 0.636 0.610 0.631 0.622 1.000 0.688 0.712 0.727 0.733 0.419 0.589 0.338 0.497 0.355 0.471 0.595 0.897 1 1 1 1 1 1 1 1 1 0 1 1 1 1 0 0 0 0 0 0 0 0 0