param 24
inputNames 1 QLab_1
inputNames 2 QLab_2
inputNames 3 QLab_3
inputNames 4 QLab_4
inputNames 5 QLab_5
inputNames 6 QLab_6
inputNames 7 QLab_7
inputNames 8 QLab_8
inputNames 9 QLab_9
inputNames 10 QLab_10
inputNames 11 QLab_11
inputNames 12 QLab_12
inputNames 13 QLab_13
inputNames 14 QLab_14
inputNames 15 QLab_15
inputNames 16 QLab_16
inputNames 17 QLab_17
inputNames 18 QLab_18
inputNames 19 QLab_19
inputNames 20 QLab_20
inputNames 21 QLab_21
inputNames 22 QLab_22
inputNames 23 Hall_L
inputNames 24 Hall_R
inputNames 25 Room_L
inputNames 26 Room_R
inputNames 27 Rvb_DwnS_L
inputNames 28 Rvb_DwnS_R
inputNames 29 Rvb_UpS_L
inputNames 30 Rvb_UpS_R
inputOffset 1 0.000 0.000 0.000
inputJitter 1 0.000
inputLFO 1 0 1.000 0 0 1.000 0 0 1.000 0 0 1.000 0
1 0.000 -0.000 0 1 -4.000 6.000 0.000 1 1 1 0 0 0 0 0.000 -2.000 80 180 -25.000 0 0 1.500 0.000 0 19.699 34.547 18.883 30.994 19.049 27.669 20.172 24.663 22.107 22.107 20.328 21.530 25.786 31.895 12.954 35.238 14.483 35.828 19.049 27.669 17.619 26.705 0.209 0.064 0.223 0.085 0.220 0.111 0.201 0.141 0.172 0.172 0.199 0.181 0.129 0.079 0.357 0.061 0.316 0.058 0.220 0.111 0.246 0.120 0.046 0.050 0.045 0.050 0.045 0.050 0.046 0.049 0.047 0.062 0.048 0.049 0.052 0.055 0.063 0.052 0.052 0.041 0.036 0.040 0.657 0.208 1 1 1 1 1 1 1 1 1 1 1 1 1 1 1 1 1 1 1 1 1 1
inputOffset 2 0.000 0.000 0.000
inputJitter 2 0.000
inputLFO 2 0 1.000 0 0 1.000 0 0 1.000 0 0 1.000 0
2 0.000 -0.000 0 1 4.000 6.000 0.000 1 1 1 0 0 0 0 0.000 -2.000 80 0 -24.000 0 0 1.500 0.000 0 34.547 19.699 30.994 18.883 27.669 19.049 24.663 20.172 22.107 22.107 31.895 25.786 21.530 20.328 35.238 12.954 35.828 14.483 27.669 19.049 26.705 17.619 0.064 0.209 0.085 0.223 0.111 0.220 0.141 0.201 0.172 0.172 0.079 0.129 0.181 0.199 0.061 0.357 0.058 0.316 0.111 0.220 0.120 0.246 0.199 0.791 0.245 0.798 0.329 0.797 0.646 0.786 0.768 1.000 0.301 0.815 0.843 0.851 0.080 0.189 0.075 0.246 0.237 0.685 0.041 0.042 1 1 1 1 1 1 1 1 1 1 1 1 1 1 1 1 1 1 1 1 1 1
inputOffset 3 0.000 0.000 0.000
inputJitter 3 0.000
inputLFO 3 0 1.000 0 0 1.000 0 0 1.000 0 0 1.000 0
3 0.000 -0.000 0 1 -4.000 2.500 0.000 1 1 1 0 0 0 0 0.000 -2.000 80 0 -24.000 0 0 1.500 0.000 0 10.444 30.241 8.810 26.109 9.160 22.059 11.311 18.147 14.483 14.483 10.241 12.459 18.883 26.626 12.374 35.029 11.676 34.789 9.160 22.059 27.669 34.181 0.436 0.090 0.496 0.125 0.483 0.173 0.407 0.236 0.316 0.316 0.443 0.371 0.223 0.120 0.374 0.062 0.395 0.063 0.483 0.173 0.111 0.066 0.883 0.131 0.900 0.148 0.897 0.171 0.874 0.209 0.292 0.347 0.922 0.906 0.254 0.176 0.076 0.059 0.089 0.056 0.804 0.143 0.033 0.031 1 1 1 1 1 1 1 1 1 1 1 1 1 1 1 1 1 1 1 1 1 1
inputOffset 4 0.000 0.000 0.000
inputJitter 4 0.000
inputLFO 4 0 1.000 0 0 1.000 0 0 1.000 0 0 1.000 0
4 0.000 -0.000 0 1 4.000 2.500 0.000 1 1 1 0 0 0 0 0.000 -2.000 80 0 -24.000 0 0 1.500 0.000 0 30.241 10.444 26.109 8.810 22.059 9.160 18.147 11.311 14.483 14.483 26.626 18.883 12.459 10.241 35.029 12.374 34.789 11.676 22.059 9.160 34.181 27.669 0.090 0.436 0.125 0.496 0.173 0.483 0.236 0.407 0.316 0.316 0.120 0.223 0.371 0.443 0.062 0.374 0.063 0.395 0.173 0.483 0.066 0.111 0.131 0.883 0.148 0.900 0.171 0.897 0.209 0.874 0.292 0.347 0.176 0.254 0.906 0.922 0.059 0.076 0.056 0.089 0.131 0.834 0.031 0.033 1 1 1 1 1 1 1 1 1 1 1 1 1 1 1 1 1 1 1 1 1 1
inputOffset 5 0.000 0.000 0.000
inputJitter 5 0.000
inputLFO 5 0 1.000 0 0 1.000 0 0 1.000 0 0 1.000 0
5 0.000 0.000 0 1 0.000 0.000 0.000 1 1 1 0 0 0 0 0.000 -0.700 360 0 0.000 0 0 1.500 0.000 0 17.440 17.440 13.115 13.115 8.810 8.810 4.580 4.580 1.448 1.448 13.352 5.222 5.222 13.352 25.908 25.908 24.748 24.748 8.810 8.810 35.828 35.828 0.616 0.616 0.694 0.694 0.783 0.783 0.880 0.880 0.961 0.961 0.690 0.865 0.865 0.690 0.486 0.486 0.502 0.502 0.783 0.783 0.369 0.369 0.812 0.812 0.855 0.855 0.900 0.900 0.947 0.947 0.983 1.000 0.899 0.959 0.959 0.899 0.598 0.598 0.554 0.554 0.811 0.839 0.426 0.426 1 1 1 1 1 1 1 1 1 1 1 1 1 1 1 1 1 1 1 1 1 1
inputOffset 6 0.000 0.000 0.000
inputJitter 6 0.000
inputLFO 6 0 1.000 0 0 1.000 0 0 1.000 0 0 1.000 0
6 0.000 0.000 0 1 0.000 0.000 0.000 1 1 1 0 0 0 0 0.000 -0.700 360 0 0.000 0 0 1.500 0.000 0 17.440 17.440 13.115 13.115 8.810 8.810 4.580 4.580 1.448 1.448 13.352 5.222 5.222 13.352 25.908 25.908 24.748 24.748 8.810 8.810 35.828 35.828 0.616 0.616 0.694 0.694 0.783 0.783 0.880 0.880 0.961 0.961 0.690 0.865 0.865 0.690 0.486 0.486 0.502 0.502 0.783 0.783 0.369 0.369 0.812 0.812 0.855 0.855 0.900 0.900 0.947 0.947 0.983 1.000 0.899 0.959 0.959 0.899 0.598 0.598 0.554 0.554 0.811 0.839 0.426 0.426 1 1 1 1 1 1 1 1 1 1 1 1 1 1 1 1 1 1 1 1 1 1
inputOffset 7 0.000 0.000 0.000
inputJitter 7 0.000
inputLFO 7 0 1.000 0 0 1.000 0 0 1.000 0 0 1.000 0
7 0.000 0.000 0 1 0.000 0.000 0.000 1 1 1 0 0 0 0 0.000 -0.700 360 0 0.000 0 0 1.500 0.000 0 17.440 17.440 13.115 13.115 8.810 8.810 4.580 4.580 1.448 1.448 13.352 5.222 5.222 13.352 25.908 25.908 24.748 24.748 8.810 8.810 35.828 35.828 0.616 0.616 0.694 0.694 0.783 0.783 0.880 0.880 0.961 0.961 0.690 0.865 0.865 0.690 0.486 0.486 0.502 0.502 0.783 0.783 0.369 0.369 0.812 0.812 0.855 0.855 0.900 0.900 0.947 0.947 0.983 1.000 0.899 0.959 0.959 0.899 0.598 0.598 0.554 0.554 0.811 0.839 0.426 0.426 1 1 1 1 1 1 1 1 1 1 1 1 1 1 1 1 1 1 1 1 1 1
inputOffset 8 0.000 0.000 0.000
inputJitter 8 0.000
inputLFO 8 0 1.000 0 0 1.000 0 0 1.000 0 0 1.000 0
8 0.000 0.000 0 1 0.000 0.000 0.000 1 1 1 0 0 0 0 0.000 -0.700 360 0 0.000 0 0 1.500 0.000 0 17.440 17.440 13.115 13.115 8.810 8.810 4.580 4.580 1.448 1.448 13.352 5.222 5.222 13.352 25.908 25.908 24.748 24.748 8.810 8.810 35.828 35.828 0.616 0.616 0.694 0.694 0.783 0.783 0.880 0.880 0.961 0.961 0.690 0.865 0.865 0.690 0.486 0.486 0.502 0.502 0.783 0.783 0.369 0.369 0.812 0.812 0.855 0.855 0.900 0.900 0.947 0.947 0.983 1.000 0.899 0.959 0.959 0.899 0.598 0.598 0.554 0.554 0.811 0.839 0.426 0.426 1 1 1 1 1 1 1 1 1 1 1 1 1 1 1 1 1 1 1 1 1 1
inputOffset 9 0.000 0.000 0.000
inputJitter 9 0.000
inputLFO 9 0 1.000 0 0 1.000 0 0 1.000 0 0 1.000 0
9 0.000 0.000 0 1 0.000 0.000 0.000 1 1 1 0 0 0 0 0.000 -0.700 360 0 0.000 0 0 1.500 0.000 0 17.440 17.440 13.115 13.115 8.810 8.810 4.580 4.580 1.448 1.448 13.352 5.222 5.222 13.352 25.908 25.908 24.748 24.748 8.810 8.810 35.828 35.828 0.616 0.616 0.694 0.694 0.783 0.783 0.880 0.880 0.961 0.961 0.690 0.865 0.865 0.690 0.486 0.486 0.502 0.502 0.783 0.783 0.369 0.369 0.812 0.812 0.855 0.855 0.900 0.900 0.947 0.947 0.983 1.000 0.899 0.959 0.959 0.899 0.598 0.598 0.554 0.554 0.811 0.839 0.426 0.426 1 1 1 1 1 1 1 1 1 1 1 1 1 1 1 1 1 1 1 1 1 1
inputOffset 10 0.000 0.000 0.000
inputJitter 10 0.000
inputLFO 10 0 1.000 0 0 1.000 0 0 1.000 0 0 1.000 0
10 0.000 0.000 0 1 0.000 0.000 0.000 1 1 1 0 0 0 0 0.000 -0.700 360 0 0.000 0 0 1.500 0.000 0 17.440 17.440 13.115 13.115 8.810 8.810 4.580 4.580 1.448 1.448 13.352 5.222 5.222 13.352 25.908 25.908 24.748 24.748 8.810 8.810 35.828 35.828 0.616 0.616 0.694 0.694 0.783 0.783 0.880 0.880 0.961 0.961 0.690 0.865 0.865 0.690 0.486 0.486 0.502 0.502 0.783 0.783 0.369 0.369 0.812 0.812 0.855 0.855 0.900 0.900 0.947 0.947 0.983 1.000 0.899 0.959 0.959 0.899 0.598 0.598 0.554 0.554 0.811 0.839 0.426 0.426 1 1 1 1 1 1 1 1 1 1 1 1 1 1 1 1 1 1 1 1 1 1
inputOffset 11 0.000 0.000 0.000
inputJitter 11 0.000
inputLFO 11 0 1.000 0 0 1.000 0 0 1.000 0 0 1.000 0
11 0.000 0.000 0 1 0.000 0.000 0.000 1 1 1 0 0 0 0 0.000 -0.700 360 0 0.000 0 0 1.500 0.000 0 17.440 17.440 13.115 13.115 8.810 8.810 4.580 4.580 1.448 1.448 13.352 5.222 5.222 13.352 25.908 25.908 24.748 24.748 8.810 8.810 35.828 35.828 0.616 0.616 0.694 0.694 0.783 0.783 0.880 0.880 0.961 0.961 0.690 0.865 0.865 0.690 0.486 0.486 0.502 0.502 0.783 0.783 0.369 0.369 0.812 0.812 0.855 0.855 0.900 0.900 0.947 0.947 0.983 1.000 0.899 0.959 0.959 0.899 0.598 0.598 0.554 0.554 0.811 0.839 0.426 0.426 1 1 1 1 1 1 1 1 1 1 1 1 1 1 1 1 1 1 1 1 1 1
inputOffset 12 0.000 0.000 0.000
inputJitter 12 0.000
inputLFO 12 0 1.000 0 0 1.000 0 0 1.000 0 0 1.000 0
12 0.000 0.000 0 1 -0.500 9.000 0.000 1 1 1 0 0 0 0 0.000 -0.700 120 180 -6.000 0 0 1.500 0.000 0 31.796 33.342 29.857 31.096 28.454 29.325 27.669 28.120 27.555 27.555 31.197 29.110 29.539 32.384 26.109 28.564 27.820 30.137 28.454 29.325 11.311 13.352 0.413 0.395 0.436 0.421 0.453 0.442 0.463 0.457 0.465 0.465 0.420 0.445 0.440 0.406 0.484 0.452 0.461 0.432 0.453 0.442 0.730 0.690 0.352 0.349 0.357 0.354 0.359 0.358 0.361 0.360 0.361 0.501 0.397 0.398 0.398 0.396 0.328 0.317 0.280 0.268 0.256 0.283 0.764 0.727 1 1 1 1 1 1 1 1 1 1 1 1 1 1 1 1 1 1 1 1 1 1
inputOffset 13 0.000 0.000 0.000
inputJitter 13 0.000
inputLFO 13 0 1.000 0 0 1.000 0 0 1.000 0 0 1.000 0
13 0.000 0.000 0 1 0.800 9.500 0.000 1 1 1 0 0 0 0 0.000 -0.700 120 180 -6.000 0 0 1.500 0.000 0 35.028 32.648 32.782 30.885 30.986 29.658 29.722 29.036 29.058 29.058 34.069 31.135 30.481 32.247 30.059 26.244 31.689 28.097 30.986 29.658 13.175 9.646 0.377 0.403 0.402 0.423 0.422 0.438 0.437 0.446 0.446 0.446 0.388 0.421 0.428 0.408 0.433 0.482 0.414 0.458 0.422 0.438 0.693 0.765 0.342 0.347 0.347 0.351 0.351 0.354 0.353 0.355 0.355 0.501 0.391 0.393 0.394 0.392 0.306 0.324 0.257 0.275 0.242 0.279 0.730 0.795 1 1 1 1 1 1 1 1 1 1 1 1 1 1 1 1 1 1 1 1 1 1
inputOffset 14 0.000 0.000 0.000
inputJitter 14 0.000
inputLFO 14 0 1.000 0 0 1.000 0 0 1.000 0 0 1.000 0
14 0.000 0.000 0 1 -10.000 12.000 8.000 0 0 0 0 0 0 0 0.000 -0.700 360 0 0.000 0 0 1.500 0.000 0 38.016 58.811 39.557 55.452 41.498 52.238 43.785 49.199 46.367 46.367 40.887 44.990 50.274 56.408 23.886 57.055 26.705 58.292 41.498 52.238 20.276 37.655 0.347 0.195 0.333 0.214 0.315 0.234 0.296 0.254 0.275 0.275 0.321 0.286 0.247 0.208 0.000 0.204 0.000 0.198 0.315 0.234 0.569 0.000 0.636 0.496 0.624 0.516 0.610 0.536 0.593 0.556 0.575 1.000 0.723 0.699 0.671 0.639 0.622 0.322 0.529 0.249 0.372 0.354 0.617 0.407 1 1 1 1 1 1 1 1 1 1 1 1 1 1 1 1 1 1 1 1 1 1
inputOffset 15 0.000 0.000 0.000
inputJitter 15 0.000
inputLFO 15 0 1.000 0 0 1.000 0 0 1.000 0 0 1.000 0
15 0.000 0.000 0 1 0.000 0.000 0.000 1 1 1 0 0 0 0 0.000 -0.700 360 0 0.000 0 0 1.500 0.000 0 17.440 17.440 13.115 13.115 8.810 8.810 4.580 4.580 1.448 1.448 13.352 5.222 5.222 13.352 25.908 25.908 24.748 24.748 8.810 8.810 35.828 35.828 0.616 0.616 0.694 0.694 0.783 0.783 0.880 0.880 0.961 0.961 0.690 0.865 0.865 0.690 0.486 0.486 0.502 0.502 0.783 0.783 0.369 0.369 0.812 0.812 0.855 0.855 0.900 0.900 0.947 0.947 0.983 1.000 0.899 0.959 0.959 0.899 0.598 0.598 0.554 0.554 0.811 0.839 0.426 0.426 1 1 1 1 1 1 1 1 1 1 1 1 1 1 1 1 1 1 1 1 1 1
inputOffset 16 0.000 0.000 0.000
inputJitter 16 0.000
inputLFO 16 0 1.000 0 0 1.000 0 0 1.000 0 0 1.000 0
16 0.000 0.000 0 1 0.000 0.000 0.000 1 1 1 0 0 0 0 0.000 -0.700 360 0 0.000 0 0 1.500 0.000 0 17.440 17.440 13.115 13.115 8.810 8.810 4.580 4.580 1.448 1.448 13.352 5.222 5.222 13.352 25.908 25.908 24.748 24.748 8.810 8.810 35.828 35.828 0.616 0.616 0.694 0.694 0.783 0.783 0.880 0.880 0.961 0.961 0.690 0.865 0.865 0.690 0.486 0.486 0.502 0.502 0.783 0.783 0.369 0.369 0.812 0.812 0.855 0.855 0.900 0.900 0.947 0.947 0.983 1.000 0.899 0.959 0.959 0.899 0.598 0.598 0.554 0.554 0.811 0.839 0.426 0.426 1 1 1 1 1 1 1 1 1 1 1 1 1 1 1 1 1 1 1 1 1 1
inputOffset 17 0.000 0.000 0.000
inputJitter 17 0.000
inputLFO 17 0 1.000 0 0 1.000 0 0 1.000 0 0 1.000 0
17 0.000 0.000 0 1 0.000 0.000 0.000 1 1 1 0 0 0 0 0.000 -0.700 360 0 0.000 0 0 1.500 0.000 0 17.440 17.440 13.115 13.115 8.810 8.810 4.580 4.580 1.448 1.448 13.352 5.222 5.222 13.352 25.908 25.908 24.748 24.748 8.810 8.810 35.828 35.828 0.616 0.616 0.694 0.694 0.783 0.783 0.880 0.880 0.961 0.961 0.690 0.865 0.865 0.690 0.486 0.486 0.502 0.502 0.783 0.783 0.369 0.369 0.812 0.812 0.855 0.855 0.900 0.900 0.947 0.947 0.983 1.000 0.899 0.959 0.959 0.899 0.598 0.598 0.554 0.554 0.811 0.839 0.426 0.426 1 1 1 1 1 1 1 1 1 1 1 1 1 1 1 1 1 1 1 1 1 1
inputOffset 18 0.000 0.000 0.000
inputJitter 18 0.000
inputLFO 18 0 1.000 0 0 1.000 0 0 1.000 0 0 1.000 0
18 0.000 0.000 0 1 0.000 0.000 0.000 1 1 1 0 0 0 0 0.000 -0.700 360 0 0.000 0 0 1.500 0.000 0 20.120 20.120 20.120 20.120 20.120 20.120 20.120 20.120 20.120 20.120 20.120 20.120 20.120 20.120 20.120 20.120 20.120 20.120 20.120 20.120 20.120 20.120 0.571 0.571 0.571 0.571 0.571 0.571 0.571 0.571 0.571 0.571 0.571 0.571 0.571 0.571 0.571 0.571 0.571 0.571 0.571 0.571 0.571 0.571 0.787 0.787 0.787 0.787 0.787 0.787 0.787 0.787 0.787 1.000 0.852 0.852 0.852 0.852 0.670 0.670 0.619 0.619 0.619 0.670 0.619 0.619 1 1 1 1 1 1 1 1 1 1 1 1 1 1 1 1 1 1 1 1 1 1
inputOffset 19 0.000 0.000 0.000
inputJitter 19 0.000
inputLFO 19 0 1.000 0 0 1.000 0 0 1.000 0 0 1.000 0
19 0.000 0.000 0 1 0.000 0.000 0.000 1 1 1 0 0 0 0 0.000 -0.700 360 0 0.000 0 0 1.500 0.000 0 17.440 17.440 13.115 13.115 8.810 8.810 4.580 4.580 1.448 1.448 13.352 5.222 5.222 13.352 25.908 25.908 24.748 24.748 8.810 8.810 35.828 35.828 0.616 0.616 0.694 0.694 0.783 0.783 0.880 0.880 0.961 0.961 0.690 0.865 0.865 0.690 0.486 0.486 0.502 0.502 0.783 0.783 0.369 0.369 0.812 0.812 0.855 0.855 0.900 0.900 0.947 0.947 0.983 1.000 0.899 0.959 0.959 0.899 0.598 0.598 0.554 0.554 0.811 0.839 0.426 0.426 1 1 1 1 1 1 1 1 1 1 1 1 1 1 1 1 1 1 1 1 1 1
inputOffset 20 0.000 0.000 0.000
inputJitter 20 0.000
inputLFO 20 0 1.000 0 0 1.000 0 0 1.000 0 0 1.000 0
20 0.000 0.000 0 1 0.000 0.000 0.000 1 1 1 0 0 0 0 0.000 -0.700 360 0 0.000 0 0 1.500 0.000 0 17.440 17.440 13.115 13.115 8.810 8.810 4.580 4.580 1.448 1.448 13.352 5.222 5.222 13.352 25.908 25.908 24.748 24.748 8.810 8.810 35.828 35.828 0.616 0.616 0.694 0.694 0.783 0.783 0.880 0.880 0.961 0.961 0.690 0.865 0.865 0.690 0.486 0.486 0.502 0.502 0.783 0.783 0.369 0.369 0.812 0.812 0.855 0.855 0.900 0.900 0.947 0.947 0.983 1.000 0.899 0.959 0.959 0.899 0.598 0.598 0.554 0.554 0.811 0.839 0.426 0.426 1 1 1 1 1 1 1 1 1 1 1 1 1 1 1 1 1 1 1 1 1 1
inputOffset 21 0.000 0.000 0.000
inputJitter 21 0.000
inputLFO 21 0 1.000 0 0 1.000 0 0 1.000 0 0 1.000 0
21 0.000 0.000 0 1 0.000 0.000 0.000 1 1 1 0 0 0 0 0.000 -0.700 360 0 0.000 0 0 1.500 0.000 0 17.440 17.440 13.115 13.115 8.810 8.810 4.580 4.580 1.448 1.448 13.352 5.222 5.222 13.352 25.908 25.908 24.748 24.748 8.810 8.810 35.828 35.828 0.616 0.616 0.694 0.694 0.783 0.783 0.880 0.880 0.961 0.961 0.690 0.865 0.865 0.690 0.486 0.486 0.502 0.502 0.783 0.783 0.369 0.369 0.812 0.812 0.855 0.855 0.900 0.900 0.947 0.947 0.983 1.000 0.899 0.959 0.959 0.899 0.598 0.598 0.554 0.554 0.811 0.839 0.426 0.426 1 1 1 1 1 1 1 1 1 1 1 1 1 1 1 1 1 1 1 1 1 1
inputOffset 22 0.000 0.000 0.000
inputJitter 22 0.000
inputLFO 22 0 1.000 0 0 1.000 0 0 1.000 0 0 1.000 0
22 0.000 0.000 0 1 0.000 0.000 0.000 1 1 1 0 0 0 0 0.000 -0.700 360 0 0.000 0 0 1.500 0.000 0 17.440 17.440 13.115 13.115 8.810 8.810 4.580 4.580 1.448 1.448 13.352 5.222 5.222 13.352 25.908 25.908 24.748 24.748 8.810 8.810 35.828 35.828 0.616 0.616 0.694 0.694 0.783 0.783 0.880 0.880 0.961 0.961 0.690 0.865 0.865 0.690 0.486 0.486 0.502 0.502 0.783 0.783 0.369 0.369 0.812 0.812 0.855 0.855 0.900 0.900 0.947 0.947 0.983 1.000 0.899 0.959 0.959 0.899 0.598 0.598 0.554 0.554 0.811 0.839 0.426 0.426 1 1 1 1 1 1 1 1 1 1 1 1 1 1 1 1 1 1 1 1 1 1
inputOffset 23 0.000 0.000 0.000
inputJitter 23 0.000
inputLFO 23 0 1.000 0 0 1.000 0 0 1.000 0 0 1.000 0
23 0.000 0.000 0 1 12.000 6.000 4.000 0 0 0 1 0 0 0 0.000 -0.700 360 0 0.000 0 0 1.500 0.000 0 25.623 55.433 28.747 51.368 32.157 47.352 35.770 43.400 39.530 39.530 29.716 36.553 44.048 51.916 12.954 58.220 14.483 58.579 32.157 47.352 31.331 46.795 0.490 0.214 0.449 0.239 0.409 0.268 0.370 0.299 0.333 0.333 0.437 0.362 0.294 0.236 0.000 0.198 0.000 0.196 0.409 0.268 0.418 0.272 0.737 0.516 0.710 0.542 0.682 0.569 0.653 0.596 0.624 1.000 0.790 0.748 0.705 0.662 0.773 0.314 0.708 0.247 0.464 0.390 0.474 0.328 1 1 1 1 1 1 1 1 1 0 1 1 1 1 0 0 0 0 0 0 0 0 0
inputOffset 24 0.000 0.000 0.000
inputJitter 24 0.000
inputLFO 24 0 1.000 0 0 1.000 0 0 1.000 0 0 1.000 0
24 0.000 0.000 0 1 12.000 6.000 4.000 0 0 0 0 0 0 0 0.000 -0.700 360 0 0.000 0 0 1.500 0.000 0 55.433 25.623 51.368 28.747 47.352 32.157 43.400 35.770 39.530 39.530 51.916 44.048 36.553 29.716 58.220 12.954 58.579 14.483 47.352 32.157 46.795 31.331 0.214 0.490 0.239 0.449 0.268 0.409 0.299 0.370 0.333 0.333 0.236 0.294 0.362 0.437 0.198 0.000 0.196 0.000 0.268 0.409 0.272 0.418 0.516 0.737 0.542 0.710 0.569 0.682 0.596 0.653 0.624 1.000 0.662 0.705 0.748 0.790 0.314 0.773 0.247 0.708 0.323 0.528 0.328 0.474 1 1 1 1 1 1 1 1 1 0 1 1 1 1 0 0 0 0 0 0 0 0 0
inputOffset 25 0.000 0.000 0.000
inputJitter 25 0.000
inputLFO 25 0 1.000 0 0 1.000 0 0 1.000 0 0 1.000 0
25 0.000 0.000 0 1 7.000 4.000 2.000 0 0 0 1 0 0 0 0.000 -0.700 360 0 0.000 0 0 1.500 0.000 0 13.352 39.847 14.911 35.770 17.440 31.763 20.584 27.858 24.104 24.104 16.192 21.530 28.564 36.323 2.897 43.448 4.096 43.545 17.440 31.763 25.908 37.094 0.690 0.330 0.660 0.370 0.616 0.413 0.564 0.461 0.511 0.511 0.637 0.549 0.452 0.364 0.923 0.299 0.892 0.298 0.616 0.413 0.486 0.356 0.853 0.622 0.837 0.653 0.812 0.685 0.782 0.717 0.750 1.000 0.879 0.843 0.797 0.749 0.944 0.422 0.907 0.354 0.660 0.532 0.539 0.413 1 1 1 1 1 1 1 1 1 0 1 1 1 1 0 0 0 0 0 0 0 0 0
inputOffset 26 0.000 0.000 0.000
inputJitter 26 0.000
inputLFO 26 0 1.000 0 0 1.000 0 0 1.000 0 0 1.000 0
26 0.000 0.000 0 1 7.000 4.000 2.000 0 0 0 0 0 0 0 0.000 -0.700 360 0 0.000 0 0 1.500 0.000 0 39.847 13.352 35.770 14.911 31.763 17.440 27.858 20.584 24.104 24.104 36.323 28.564 21.530 16.192 43.448 2.897 43.545 4.096 31.763 17.440 37.094 25.908 0.330 0.690 0.370 0.660 0.413 0.616 0.461 0.564 0.511 0.511 0.364 0.452 0.549 0.637 0.299 0.923 0.298 0.892 0.413 0.616 0.356 0.486 0.622 0.853 0.653 0.837 0.685 0.812 0.717 0.782 0.750 1.000 0.749 0.797 0.843 0.879 0.422 0.944 0.354 0.907 0.469 0.707 0.413 0.539 1 1 1 1 1 1 1 1 1 0 1 1 1 1 0 0 0 0 0 0 0 0 0
inputOffset 27 0.000 0.000 0.000
inputJitter 27 0.000
inputLFO 27 0 1.000 0 0 1.000 0 0 1.000 0 0 1.000 0
27 0.000 0.000 0 1 3.205 0.000 0.000 0 0 0 1 0 0 0 0.000 -1.000 360 0 0.000 0 0 1.500 0.000 0 8.224 26.702 4.021 22.365 1.565 18.031 5.147 13.705 9.396 9.396 4.739 5.725 13.933 22.505 18.087 34.462 16.383 33.599 1.565 18.031 34.764 39.130 0.795 0.365 0.894 0.491 0.957 0.606 0.867 0.683 0.770 0.770 0.876 0.853 0.679 0.535 0.605 0.383 0.634 0.393 0.957 0.606 0.380 0.337 0.907 0.727 0.953 0.766 0.982 0.807 0.940 0.849 0.894 1.000 0.963 0.956 0.895 0.836 0.698 0.504 0.677 0.449 0.963 0.699 0.436 0.393 1 1 1 1 1 1 1 1 1 0 1 1 1 1 0 0 0 0 0 0 0 0 0
inputOffset 28 0.000 0.000 0.000
inputJitter 28 0.000
inputLFO 28 0 1.000 0 0 1.000 0 0 1.000 0 0 1.000 0
28 0.000 0.000 0 1 3.205 0.000 0.000 0 0 0 0 0 0 0 0.000 -1.000 360 0 0.000 0 0 1.500 0.000 0 26.702 8.224 22.365 4.021 18.031 1.565 13.705 5.147 9.396 9.396 22.505 13.933 5.725 4.739 34.462 18.087 33.599 16.383 18.031 1.565 39.130 34.764 0.365 0.795 0.491 0.894 0.606 0.957 0.683 0.867 0.770 0.770 0.535 0.679 0.853 0.876 0.383 0.605 0.393 0.634 0.606 0.957 0.337 0.380 0.727 0.907 0.766 0.953 0.807 0.982 0.849 0.940 0.894 1.000 0.836 0.895 0.956 0.963 0.504 0.698 0.449 0.677 0.650 0.969 0.393 0.436 1 1 1 1 1 1 1 1 1 0 1 1 1 1 0 0 0 0 0 0 0 0 0
inputOffset 29 0.000 0.000 0.000
inputJitter 29 0.000
inputLFO 29 0 1.000 0 0 1.000 0 0 1.000 0 0 1.000 0
29 0.000 0.000 0 1 4.500 12.500 0.000 0 0 0 1 0 0 0 0.000 -0.300 360 0 0.000 0 0 1.500 0.000 0 37.905 48.404 37.655 45.799 37.905 43.472 38.645 41.472 39.847 39.847 39.103 40.057 42.792 46.997 26.626 43.785 29.325 45.477 37.905 43.472 4.580 21.772 0.348 0.260 0.351 0.280 0.348 0.298 0.341 0.315 0.330 0.330 0.337 0.328 0.304 0.270 0.477 0.296 0.442 0.282 0.348 0.298 0.000 0.000 0.636 0.561 0.638 0.579 0.636 0.595 0.631 0.610 0.622 1.000 0.733 0.727 0.712 0.688 0.589 0.419 0.497 0.338 0.405 0.421 0.897 0.595 1 1 1 1 1 1 1 1 1 0 1 1 1 1 0 0 0 0 0 0 0 0 0
inputOffset 30 0.000 0.000 0.000
inputJitter 30 0.000
inputLFO 30 0 1.000 0 0 1.000 0 0 1.000 0 0 1.000 0
30 0.000 0.000 0 1 4.500 12.500 0.000 0 0 0 0 0 0 0 0.000 -0.300 360 0 0.000 0 0 1.500 0.000 0 48.404 37.905 45.799 37.655 43.472 37.905 41.472 38.645 39.847 39.847 46.997 42.792 40.057 39.103 43.785 26.626 45.477 29.325 43.472 37.905 21.772 4.580 0.260 0.348 0.280 0.351 0.298 0.348 0.315 0.341 0.330 0.330 0.270 0.304 0.328 0.337 0.296 0.477 0.282 0.442 0.298 0.348 0.000 0.000 0.561 0.636 0.579 0.638 0.595 0.636 0.610 0.631 0.622 1.000 0.688 0.712 0.727 0.733 0.419 0.589 0.338 0.497 0.355 0.471 0.595 0.897 1 1 1 1 1 1 1 1 1 0 1 1 1 1 0 0 0 0 0 0 0 0 0